1096
    1     9    83
    2    46   104
    3    12    54
    4    21    80
    5    91    53
    6    79    84
    7    64     5
    8    32    51
    9    13    31
   10   112    65
   11    29    24
   12   106    81
   13    77    52
   14    17    46
   15    10     8
   16   107    85
   17    34    46
   18    90    38
   19     6    40
   20    46   105
   21    88    98
   22    42    66
   23    27    49
   24   104    63
   25   104    63
   26    41   106
   27    58    84
   28    85    25
   29    84    81
   30   104    17
   31    88    37
   32    14    18
   33    87     4
   34   105    60
   35    64   112
   36    24    45
   37    41    76
   38   111   110
   39    68    97
   40     6     4
   41    68    74
   42    81   108
   43     6    72
   44   109   109
   45     7    47
   46    37    75
   47   105    22
   48    74   108
   49    42    32
   50    69    73
   51    68   107
   52     2    88
   53    17    32
   54    64    42
   55    10    94
   56    53    93
   57    36    49
   58   104   112
   59    20    91
   60    43    81
   61    54    81
   62    91   105
   63    51    61
   64    69     5
   65    20    48
   66    80    46
   67    51    78
   68    23   110
   69    15    78
   70    37    29
   71   109    88
   72    80    46
   73    34    43
   74    11    83
   75    71   104
   76     3    62
   77    99    10
   78    24     6
   79    35    31
   80    57   104
   81    11     3
   82    86    44
   83    42   101
   84    81    59
   85    43    79
   86    65    37
   87    83    52
   88    73     7
   89    95    55
   90    86    32
   91    80     7
   92    55   101
   93    28   100
   94   110    95
   95   111    47
   96   113    82
   97    51    46
   98    11    70
   99    42    20
  100    30   110
  101    38    36
  102    90    26
  103    60   109
  104    94    86
  105    64    96
  106    99    38
  107    52   108
  108    13    21
  109    83    62
  110    90   107
  111   106    10
  112    95    57
  113    53    98
  114    94    48
  115    47    81
  116    58     1
  117   112    83
  118    41    89
  119    41    70
  120    75    67
  121    85    25
  122    87   112
  123    37    56
  124   111    74
  125    54    31
  126    97    85
  127   102    40
  128    21    85
  129    12    33
  130    22    26
  131    12   108
  132    75    48
  133    93    15
  134    46    98
  135    95   108
  136    93    29
  137    25    31
  138    15    99
  139    56    83
  140    35    95
  141    70    36
  142    85    98
  143    52   102
  144    97   113
  145    37    46
  146    19    31
  147    20   109
  148     7    78
  149    58    57
  150    34    92
  151   111    12
  152    49    60
  153    37     6
  154    15     3
  155    68    74
  156   105   107
  157    29    93
  158   103     1
  159   111    73
  160   108    28
  161    50    65
  162    47    92
  163   101    11
  164    21    23
  165    70    45
  166    95    79
  167    24    43
  168    72    55
  169    72    75
  170    92    51
  171    95    45
  172     9    78
  173    44    86
  174    24    82
  175    25    20
  176    90   106
  177    12    90
  178    20    44
  179    27     8
  180    72    94
  181   110   111
  182    30    80
  183    94    85
  184   100     4
  185    18    56
  186   104   112
  187    76    58
  188    83    28
  189    44    26
  190    88    65
  191    41    95
  192     6    48
  193    33    64
  194    42    35
  195    71    25
  196    89    40
  197    58    59
  198     9    71
  199     5    71
  200    57    75
  201    63    77
  202    41    36
  203    85    92
  204    15    78
  205    51    25
  206   108    89
  207    57   100
  208    74    29
  209    69    28
  210    36    86
  211     7    98
  212     7    47
  213    71    70
  214    13    69
  215    38    15
  216    14     4
  217    83   101
  218    98    91
  219    77    28
  220   100    51
  221    89    46
  222    75     1
  223    42    58
  224    78   102
  225    19    47
  226    34   102
  227    43     3
  228    94   112
  229   108   103
  230    98    62
  231    51    97
  232    78    86
  233   101    68
  234    57    68
  235     1    72
  236    38    19
  237    83    16
  238   104   109
  239    27    49
  240    90     4
  241    63    65
  242    40    95
  243    75   103
  244    69    65
  245    68     8
  246    17    21
  247   101    90
  248    63    31
  249    94    42
  250   104   106
  251    83    16
  252    48    88
  253    28    24
  254   113   105
  255    11    73
  256    51    46
  257    92    83
  258    69     3
  259    43    41
  260   111    99
  261    79    33
  262   110    80
  263    72    21
  264    48    16
  265   104     4
  266    56    37
  267    27    74
  268    98   100
  269    95     8
  270    29    53
  271    75    76
  272    80    80
  273    57    45
  274    38    38
  275    85    38
  276    35   105
  277    80   110
  278    29     7
  279    62   107
  280    46    49
  281   100    69
  282    78   100
  283    94     7
  284    44     8
  285     7    10
  286    34    64
  287    81    21
  288    99    18
  289    57   108
  290    84    87
  291    82    86
  292    24    37
  293    23    89
  294    46    69
  295   105    86
  296    32    72
  297    16     9
  298   111    89
  299    49    12
  300    35    33
  301    18    25
  302    15    49
  303    75   105
  304   108    87
  305    97    66
  306    79   108
  307    26    84
  308    71    45
  309    90    20
  310    57    71
  311    33    11
  312    75    65
  313    65   112
  314    40    15
  315    31    60
  316    24    68
  317    92    55
  318   110    23
  319    17    69
  320    51    19
  321    76    91
  322    66    42
  323    30    30
  324    92    67
  325    81    13
  326    21    37
  327    71    42
  328    26    88
  329     5     2
  330    78    18
  331    73    81
  332     8    68
  333    52     6
  334    91    78
  335    49   107
  336    53   110
  337   104    67
  338    68    52
  339    18   105
  340    77    93
  341   104   113
  342    31    36
  343    93    39
  344    89    96
  345     6    22
  346     9     8
  347    12    37
  348    44    25
  349     8     6
  350    61    22
  351    94    36
  352   104    95
  353    17    59
  354    23    37
  355    28    41
  356    27    14
  357    78    75
  358    23    14
  359    29    10
  360    24    41
  361    20    34
  362     1    26
  363    26    50
  364    38    46
  365    51   107
  366     8    89
  367    13    17
  368   105     5
  369    53    25
  370    77    46
  371    39    72
  372   101   109
  373    53    36
  374   113    55
  375     7   109
  376    11    95
  377    46    56
  378    70    88
  379    19    39
  380    93    38
  381    94    88
  382   101   109
  383    98    30
  384    64    64
  385    95    54
  386    30    84
  387    44    45
  388    50    53
  389    42    75
  390    12    31
  391    57    68
  392   106    50
  393   112    52
  394    38    64
  395     5    22
  396   113    23
  397    51   110
  398    67    31
  399    13    35
  400    88   104
  401    20    60
  402    77    91
  403    71    21
  404    47    84
  405    39    71
  406     3    91
  407    44    13
  408    15    89
  409    43    19
  410    10    72
  411    58    31
  412    55    39
  413    67    91
  414   100    20
  415   112    74
  416    53    88
  417    96    47
  418     3   100
  419    37    94
  420    53   110
  421     2    59
  422    15    31
  423    42     2
  424    78    81
  425   113   112
  426   109    11
  427   100    55
  428    55    49
  429    36    41
  430    45    90
  431    92     3
  432    87    49
  433     7    35
  434   109    28
  435   112    70
  436    99    51
  437    29    23
  438    40   109
  439   110    19
  440    90    61
  441    28    79
  442    57    74
  443    97    54
  444    69    95
  445    66     5
  446    59   104
  447    87    98
  448    81   101
  449     4    89
  450    57    44
  451    98    60
  452    80    58
  453    96    72
  454     9    95
  455    15     7
  456   102   106
  457    39    27
  458    80    99
  459    86    64
  460    22   103
  461    87    21
  462     8   104
  463    41    39
  464   103    67
  465    95   111
  466     5    66
  467    11    15
  468    51   106
  469    85    56
  470   109    13
  471    31    16
  472    59    52
  473   105    93
  474    32    87
  475    73    76
  476    67    64
  477    83   111
  478    23    48
  479    47   102
  480    64    55
  481    61    37
  482    62    49
  483    30   112
  484    94   111
  485    19    85
  486   109    10
  487    59   101
  488     7    38
  489     5    22
  490    54    34
  491   112    89
  492     4    71
  493    40    17
  494    25    72
  495    73    92
  496    83     7
  497    37    40
  498    83    76
  499    50   104
  500    79   102
  501    55    98
  502    13    81
  503    75    52
  504    92    48
  505    82   108
  506    13    18
  507    66    97
  508    22   102
  509    50    28
  510    60    68
  511    33   105
  512    86    80
  513    15    60
  514     3    47
  515    71    76
  516    72    53
  517     7    15
  518    10    54
  519    67    51
  520    40    20
  521    79    68
  522    84    48
  523     5    89
  524    80    60
  525    11     5
  526    87    99
  527    50    96
  528    89    87
  529     8    45
  530   112    50
  531    79   113
  532    97    18
  533    34    25
  534    59    84
  535     5    61
  536     3    90
  537    36    67
  538    28    65
  539    73    97
  540     9     1
  541    99   113
  542    41    96
  543    19    66
  544    99     3
  545    73    77
  546    85   111
  547   112    18
  548    40    37
  549    92    65
  550    95    20
  551   112    92
  552    61    15
  553    73    90
  554    44    33
  555     5    78
  556    56    23
  557   111    68
  558    51    30
  559    58    39
  560    81    14
  561    58    49
  562     8    75
  563     5    21
  564    54    67
  565    79    68
  566    20    70
  567    23   100
  568    15    34
  569    85    78
  570    59    75
  571    86    30
  572    34     8
  573     3   113
  574     4    19
  575    42   109
  576    41    35
  577    49    69
  578    97    58
  579     1    65
  580    32    72
  581    95    68
  582    59    83
  583    81    42
  584    49    86
  585    80    41
  586     6    37
  587   106    64
  588    45    41
  589    85   112
  590     8    71
  591    63     4
  592    44    90
  593    76    91
  594    99    55
  595    52    34
  596    73    56
  597    59    93
  598    24    76
  599    69     7
  600    38     9
  601    43    23
  602    58    59
  603    86    15
  604   107    35
  605    27     2
  606    15    50
  607    88    66
  608   106    81
  609    67    95
  610    79    50
  611    87    85
  612     5    22
  613    36    93
  614    38    55
  615    78    46
  616   112     9
  617   112    53
  618    15    74
  619   113    66
  620    10     2
  621    69    50
  622    99    48
  623    46    38
  624    42    95
  625    42   110
  626   104    81
  627   104    71
  628     3   112
  629    73    47
  630    84    78
  631    77   107
  632     7    81
  633    69    34
  634    61    71
  635    97    97
  636    53    40
  637    80    62
  638    53    23
  639    70    42
  640    81    73
  641    90    20
  642    34    53
  643    71    75
  644    50    84
  645    71    77
  646     8    70
  647    15    56
  648    75    94
  649    33    45
  650   104    44
  651   100    37
  652   111    85
  653   109   112
  654    12    85
  655    93    33
  656   108    39
  657    98    11
  658    53    53
  659     2    14
  660    63   104
  661    83    76
  662    99    59
  663    94    49
  664    69   108
  665     3    91
  666     7    67
  667   112    85
  668    13    49
  669    66    46
  670    99   113
  671   109    97
  672    72    89
  673    50     7
  674   101    36
  675     7    43
  676    57    43
  677    44   105
  678    20    14
  679    11    59
  680    72   113
  681    62    60
  682    87     8
  683    27    15
  684   104    78
  685   113    18
  686   107    26
  687   110    80
  688    70   103
  689     2    59
  690    65    96
  691   103    75
  692    96    30
  693    84     1
  694    27    73
  695    33    92
  696    70    91
  697    33    86
  698    54    15
  699     6    15
  700    70    98
  701    23    39
  702     1    35
  703    58    13
  704    41     8
  705     4   102
  706    70    36
  707    22    78
  708    60    49
  709    98    82
  710    44    90
  711    60    35
  712   111    66
  713     5    48
  714    26   100
  715    79    11
  716    61     8
  717    32    59
  718    51    52
  719   100    37
  720     2    12
  721    96    88
  722    47     4
  723    76    31
  724    90    30
  725   100     1
  726    20    96
  727    56    38
  728    21    78
  729   109    69
  730    54    74
  731    24    82
  732    74    46
  733    22    89
  734    36    87
  735    77    67
  736   109    46
  737    99    49
  738    45    71
  739    17    19
  740    93     2
  741   107    56
  742    92    84
  743     3    17
  744    95    46
  745    26    42
  746    94   113
  747    38    87
  748    11   105
  749    75    37
  750    40    93
  751    33    69
  752    52    92
  753    27    52
  754   113   110
  755   108    59
  756    95    64
  757   110    66
  758    56    76
  759    88    82
  760    54   106
  761    70    79
  762   107    72
  763    25    83
  764    27    78
  765    86    69
  766   107     1
  767    74    49
  768    90     4
  769    18    30
  770   100    89
  771    19    74
  772    10    16
  773    27    76
  774    72   113
  775     5    41
  776     8    41
  777    65    80
  778    94     5
  779   110   109
  780    60    10
  781    80    25
  782    93    79
  783    91    92
  784    10    86
  785    87    34
  786   103    28
  787    96    90
  788    86    71
  789    52    12
  790    44    18
  791   101   101
  792    38    40
  793    56    68
  794    39    68
  795    64    35
  796    11    39
  797    57    51
  798    35     8
  799    59    43
  800   107     6
  801    94    22
  802   108    59
  803     4   112
  804    13    71
  805    63     8
  806    24   107
  807     3   106
  808    95     6
  809    81    51
  810    73    32
  811    65    60
  812    13    62
  813    76    97
  814    76    51
  815    84     3
  816   106   111
  817    76    88
  818    80   110
  819    36    31
  820    88    85
  821    82    48
  822    21    31
  823    48     6
  824    37    69
  825    82    81
  826    53   102
  827    41    96
  828    64    88
  829    49    69
  830    66    27
  831    10    80
  832    40    96
  833    50    78
  834    51   107
  835    48    16
  836    93    95
  837   104    89
  838    76     4
  839    55    73
  840    60    12
  841    24    13
  842    77     4
  843    21    12
  844    18    32
  845    92    62
  846    86    71
  847    58    36
  848    42    36
  849    17    34
  850    65    51
  851    78    81
  852    79    55
  853    13    46
  854    36    71
  855    67    80
  856    11    58
  857    11    43
  858    10    79
  859    62   111
  860    86    37
  861   107    65
  862    66    36
  863    55    44
  864    19    64
  865    19     8
  866    76   108
  867   112    74
  868    39    60
  869    74    97
  870   104    32
  871    81    20
  872    53    86
  873    62   102
  874    72     4
  875    93    94
  876    29     7
  877    58     1
  878    49   103
  879    60    66
  880    44    93
  881    61    88
  882    34    25
  883    94    26
  884    60    71
  885    39    68
  886     5   109
  887    70    93
  888    53   108
  889     8    58
  890    45    61
  891    69    34
  892   112    50
  893    23    90
  894    97    69
  895    52    11
  896    98    58
  897    99     8
  898     8    41
  899     8    75
  900     9     2
  901    93    56
  902    43    17
  903    26   111
  904    64    30
  905    14    50
  906    39    85
  907    28    29
  908    88     8
  909    51    91
  910    81    45
  911    13    79
  912    69    19
  913     9     5
  914    30    98
  915    41   105
  916    89    44
  917    50    90
  918    72    86
  919    29    52
  920    99    80
  921    55    91
  922    90    64
  923    45    17
  924    65    64
  925    46    33
  926    53    89
  927    14     4
  928    79    87
  929    79    31
  930    77    75
  931    64    31
  932    33    76
  933   111    56
  934    25    81
  935    99    47
  936     7    37
  937    95    57
  938    50    53
  939    61     7
  940    47    64
  941    77    14
  942    87    55
  943    79    42
  944    82    43
  945     1   101
  946    76    65
  947     6   113
  948    44     4
  949    17   109
  950    98   106
  951    66    44
  952    45    82
  953    91    43
  954    48    92
  955    93    25
  956     7     5
  957    61    16
  958    51    57
  959    53    33
  960    60    46
  961    40    57
  962    28    69
  963    47    93
  964    84   106
  965   111   111
  966    78    44
  967    33    95
  968    43    60
  969    66    43
  970    97    21
  971    22    86
  972    86    81
  973    26    64
  974    35    14
  975     3    44
  976    72   106
  977    55    18
  978    77    48
  979    30   106
  980    58    57
  981    92    35
  982    16    21
  983    31    66
  984    31    63
  985   109    87
  986   107    93
  987     9    83
  988   110    64
  989    29    41
  990    52   110
  991    99    57
  992    65    19
  993    65     6
  994    12    74
  995   113    51
  996    10    60
  997    43   102
  998    55    82
  999    84    39
 1000    93     8
 1001    90    24
 1002    44    47
 1003   104    61
 1004    88    38
 1005    73    46
 1006    96    76
 1007    82    45
 1008    96    41
 1009    48    42
 1010    50    90
 1011    97     1
 1012   109     5
 1013    90    72
 1014    26   102
 1015    52    67
 1016    84   103
 1017     8   110
 1018    89    58
 1019    68    74
 1020   113    16
 1021    18    37
 1022    99    41
 1023    76    37
 1024    49   103
 1025    91    34
 1026    43   113
 1027    35    74
 1028    19    86
 1029    52   112
 1030    20    82
 1031    57     9
 1032    40    65
 1033    32    31
 1034    42    80
 1035    24     7
 1036     9    35
 1037    81    68
 1038    35    23
 1039     5    31
 1040    46    89
 1041    30    74
 1042    18    61
 1043     3    60
 1044    69    51
 1045    82    47
 1046    19    60
 1047    94    25
 1048    88    24
 1049    61    14
 1050     6     3
 1051   105    18
 1052    72    45
 1053     2    90
 1054    49    84
 1055    94   101
 1056     5   108
 1057    39    98
 1058    46    13
 1059    37    42
 1060   102    76
 1061    67   112
 1062    53    67
 1063    52    22
 1064    22    59
 1065    65    99
 1066    53    22
 1067    43    12
 1068    81    79
 1069    34    39
 1070    18    70
 1071    28    94
 1072    58    43
 1073    65   110
 1074    67    68
 1075    19    71
 1076   106    89
 1077    57   107
 1078    15     1
 1079    78     5
 1080   106    74
 1081     6    46
 1082    40    69
 1083    52    66
 1084    88    96
 1085   102   112
 1086     5    23
 1087    33    38
 1088    59    51
 1089    76    41
 1090    38    26
 1091    35    85
 1092    47    33
 1093     5    72
 1094    99    21
 1095    84    85
 1096    74    89
680956
