1282
    1    14    18
    2    51    50
    3    37    32
    4    42    49
    5    13    14
    6    15    12
    7   104   115
    8    81    78
    9   106   103
   10   107   100
   11    11    10
   12     1     1
   13    42    46
   14     9    14
   15    28    19
   16     2     3
   17    59    63
   18    99   102
   19    71    63
   20   112   116
   21    91    95
   22   108   118
   23   116   114
   24   110   117
   25    17    15
   26    94    94
   27    34    24
   28    41    30
   29    12    20
   30    62    73
   31   106    96
   32    98    98
   33    10    10
   34    37    43
   35   104   102
   36    66    71
   37    67    74
   38   103   107
   39   109   110
   40    86    97
   41    42    49
   42    48    56
   43    38    44
   44    60    48
   45    50    57
   46    93    93
   47   128   120
   48    94    88
   49    54    49
   50   106    94
   51    64    69
   52    78    90
   53    96    99
   54   117   114
   55    45    35
   56   114   122
   57    13     7
   58    80    89
   59    68    70
   60    39    36
   61    38    35
   62    46    45
   63    77    78
   64   100   101
   65    37    42
   66    32    38
   67    97    87
   68    42    37
   69    32    22
   70    51    56
   71   132   120
   72     1     4
   73    87    96
   74   104   105
   75     5    14
   76    73    67
   77   113   121
   78    89    77
   79    18    23
   80    33    25
   81   125   124
   82   115   112
   83    51    57
   84     2     4
   85    15     4
   86    61    60
   87     9    18
   88    17    10
   89    91    92
   90    83    89
   91   123   115
   92    82    71
   93   123   123
   94    66    70
   95    15    14
   96    66    59
   97    14    19
   98   119   115
   99    62    66
  100    50    38
  101    13    11
  102    29    26
  103     3     4
  104    41    34
  105    26    35
  106    79    88
  107    33    33
  108    27    17
  109    36    33
  110    97   107
  111   105   101
  112    39    49
  113   102    95
  114    57    63
  115    25    19
  116   121   121
  117    93   101
  118    88    87
  119    29    31
  120    86    91
  121    55    58
  122    31    19
  123    43    34
  124   100    89
  125     8    15
  126   115   105
  127    67    74
  128    87    78
  129    70    77
  130    81    73
  131   120   108
  132    10    19
  133     7     5
  134    16    22
  135    81    75
  136    76    76
  137    22    19
  138    79    85
  139   123   112
  140    71    82
  141    72    77
  142    91    99
  143    49    45
  144    89    85
  145    66    59
  146    33    36
  147    71    60
  148    57    65
  149   123   123
  150    74    64
  151    60    67
  152    84    91
  153     1     4
  154    97    86
  155    16    20
  156    87    98
  157    57    56
  158    58    65
  159    56    48
  160    22    19
  161    55    43
  162    95    89
  163   101   108
  164    82    84
  165    97    95
  166    38    44
  167    69    69
  168    68    78
  169    55    56
  170    18     7
  171    19    29
  172    44    44
  173    50    51
  174    21    24
  175   106   109
  176    53    57
  177    99    92
  178    15     3
  179    24    36
  180    96   102
  181    25    13
  182   119   107
  183    91    90
  184    52    42
  185    45    51
  186    54    59
  187    56    56
  188   105   107
  189    14    22
  190    60    67
  191    79    68
  192   117   117
  193    23    22
  194    38    38
  195    33    27
  196    76    84
  197     7    14
  198    29    20
  199    83    81
  200    67    79
  201    94   105
  202    14    23
  203    79    77
  204    36    33
  205    50    45
  206    74    79
  207     1     2
  208    69    60
  209     3     5
  210    55    55
  211    11    10
  212    25    18
  213   116   105
  214   124   115
  215     8    16
  216   106   109
  217    60    54
  218    93    90
  219    69    79
  220    71    64
  221   118   112
  222    16    23
  223    46    35
  224   125   118
  225    26    22
  226     2     6
  227     1     9
  228    89    87
  229    40    29
  230    69    65
  231    65    71
  232    33    36
  233    88    99
  234    76    64
  235     4    15
  236   132   122
  237    45    55
  238   113   111
  239   107   103
  240    30    27
  241    52    55
  242    65    73
  243   115   103
  244     8     5
  245    72    64
  246     1     1
  247    51    56
  248    71    68
  249    93    86
  250    80    74
  251    98    93
  252    82    93
  253   122   111
  254    89   100
  255     1     1
  256    58    51
  257    63    62
  258    55    62
  259    14    25
  260   112   115
  261    46    53
  262     1     3
  263    87    77
  264    85    73
  265    21    17
  266    34    24
  267   111   116
  268    28    38
  269   110    99
  270    31    21
  271    64    66
  272    47    41
  273   106   118
  274   113   113
  275    53    51
  276   126   116
  277    34    37
  278     8     8
  279   115   111
  280   105   102
  281    57    59
  282    27    24
  283    13     1
  284     7    13
  285    96   106
  286    95   103
  287     1     1
  288     3    11
  289    20    27
  290     1     1
  291    29    28
  292    16    26
  293     3    14
  294    83    92
  295     1     1
  296    19    17
  297    36    48
  298   107   104
  299    18    16
  300    57    46
  301   112   114
  302    19    25
  303   123   124
  304    98   107
  305   118   113
  306    39    50
  307    18    17
  308    24    15
  309    55    50
  310    93    97
  311    91    88
  312    70    68
  313    38    48
  314     2     8
  315    73    64
  316   124   120
  317    47    51
  318    27    19
  319    98    88
  320    99   107
  321   107   108
  322    27    21
  323   118   118
  324     8    20
  325   115   119
  326    28    21
  327    44    44
  328    66    61
  329    96    88
  330    65    63
  331    39    30
  332    61    65
  333   112   111
  334     8    14
  335    44    52
  336    52    57
  337    79    77
  338   104   113
  339   108   118
  340    61    70
  341    73    71
  342   106   112
  343   116   124
  344    68    66
  345    86    78
  346   119   117
  347     9    10
  348    44    52
  349     8     7
  350    62    53
  351     9    10
  352    83    78
  353    69    66
  354    60    54
  355   108   114
  356    19     7
  357    72    65
  358   107   105
  359    25    25
  360    25    24
  361    55    48
  362    83    75
  363    49    59
  364    86    80
  365    25    32
  366    51    61
  367    58    59
  368   102    98
  369    75    65
  370    81    69
  371   104    94
  372     6    12
  373    71    70
  374    55    60
  375    10    10
  376    49    47
  377    94   101
  378    10    12
  379    71    82
  380    13    19
  381     1     1
  382    93    93
  383    25    26
  384    85    81
  385    90    93
  386    51    49
  387    46    57
  388     8    12
  389    73    84
  390   113   118
  391    91    93
  392    95    95
  393    14     9
  394     6    12
  395    53    42
  396    47    43
  397    10     6
  398    53    42
  399    27    20
  400   116   123
  401    59    66
  402    52    43
  403    95    96
  404    12    13
  405   108   100
  406    59    66
  407    63    60
  408    48    48
  409   116   112
  410    86    92
  411    61    61
  412    16    25
  413    51    43
  414    81    79
  415   109   113
  416    96   100
  417    86    85
  418    15    10
  419    67    62
  420     2     6
  421   127   123
  422    25    21
  423    16    19
  424    76    70
  425    61    66
  426    40    31
  427    76    84
  428    57    62
  429    31    36
  430   109   116
  431   102   109
  432    54    52
  433    70    60
  434    92    91
  435    31    21
  436    37    47
  437    28    28
  438    79    70
  439     1    12
  440     8    17
  441   104   116
  442    78    86
  443    96    90
  444    78    80
  445    62    73
  446    69    66
  447    74    75
  448     2     3
  449    95   105
  450    60    61
  451    45    43
  452    38    39
  453   111   115
  454    89    77
  455    51    60
  456    16     4
  457    73    73
  458    69    68
  459    88    77
  460    89    88
  461   115   119
  462    64    68
  463    45    43
  464    81    92
  465    96    90
  466    57    60
  467    84    84
  468   117   124
  469    63    72
  470    98   103
  471   113   114
  472    21    13
  473    87    80
  474   132   122
  475    42    46
  476    51    53
  477    80    81
  478   109   118
  479    63    75
  480   110   113
  481    72    69
  482    80    81
  483    22    29
  484    31    28
  485    59    55
  486   123   119
  487    48    36
  488    34    30
  489    25    15
  490    91    87
  491    34    29
  492    76    65
  493    72    79
  494    67    61
  495    55    65
  496   130   124
  497   105    97
  498    23    15
  499   116   118
  500    77    68
  501    13     1
  502    39    34
  503    57    55
  504   123   117
  505   107   109
  506    90    91
  507    13    21
  508    47    55
  509    17    13
  510    91   101
  511    37    34
  512    44    46
  513    51    50
  514   113   114
  515   117   119
  516   126   124
  517   106   116
  518    72    63
  519    32    31
  520   123   120
  521    90    99
  522    40    31
  523    27    38
  524    33    38
  525    27    19
  526    25    32
  527    89   101
  528    52    60
  529    31    29
  530    50    55
  531   111   119
  532    19    28
  533    82    94
  534   130   119
  535    17    23
  536   129   120
  537    14    11
  538    10    18
  539    72    82
  540     1     8
  541   125   113
  542    90    92
  543    69    75
  544     1     4
  545   118   116
  546    41    42
  547    72    67
  548    18    24
  549    86    78
  550    64    76
  551     1     8
  552    56    49
  553   107   107
  554   113   113
  555    42    31
  556    64    71
  557    85    84
  558    80    73
  559    72    80
  560    63    59
  561    16    13
  562    74    85
  563     1     2
  564    25    32
  565   101   104
  566    87    89
  567    34    29
  568    74    79
  569    43    45
  570    68    67
  571    71    62
  572   119   121
  573    58    58
  574    31    34
  575    79    71
  576    79    73
  577   116   107
  578    66    67
  579    31    21
  580    56    48
  581    94    92
  582    68    71
  583    33    43
  584    67    70
  585   112   123
  586    47    48
  587    11    14
  588     7    12
  589    38    49
  590    53    59
  591    56    61
  592    37    49
  593     1     2
  594    47    41
  595    70    68
  596    90    95
  597     1     7
  598   115   116
  599    88    78
  600    88    94
  601    28    36
  602    60    65
  603    22    24
  604    50    57
  605    62    72
  606   116   105
  607   110   118
  608    63    57
  609   113   118
  610   129   121
  611    92    82
  612   114   119
  613    15    15
  614    28    24
  615    81    90
  616    27    26
  617    54    53
  618   121   117
  619    93    92
  620    76    68
  621    69    63
  622     3     7
  623    18    13
  624    40    36
  625    40    39
  626    64    71
  627    32    36
  628    69    59
  629   116   114
  630   102   114
  631    75    78
  632    78    88
  633    11    20
  634   125   113
  635     6    10
  636    59    57
  637     9    19
  638    25    22
  639    69    59
  640    55    53
  641    62    74
  642    17     9
  643    75    70
  644   126   122
  645    72    79
  646    65    58
  647    70    63
  648    61    66
  649     4    10
  650    11     4
  651    74    65
  652   121   112
  653    13    18
  654    35    29
  655   127   119
  656    39    34
  657   121   117
  658    38    34
  659    41    36
  660    43    41
  661   113   114
  662    48    41
  663    97    96
  664   123   122
  665     3     8
  666    25    14
  667   123   117
  668    88    81
  669    62    66
  670    76    80
  671   103   115
  672     1     1
  673    54    50
  674    14    15
  675    49    53
  676    81    92
  677    22    23
  678    42    54
  679    51    62
  680    88    94
  681   102   109
  682    76    72
  683    44    36
  684   103    91
  685    62    57
  686    41    44
  687    14     9
  688    33    27
  689    52    48
  690    39    34
  691    53    49
  692   102   108
  693    94    86
  694   125   113
  695    12     5
  696    82    71
  697    68    61
  698    92    93
  699    33    28
  700    30    24
  701    50    53
  702   100   100
  703   105   109
  704    34    40
  705    62    63
  706    31    31
  707    68    74
  708   116   115
  709     9    20
  710    87    75
  711   119   124
  712    86    77
  713    20    16
  714   107   102
  715   117   110
  716    53    50
  717    65    61
  718    28    17
  719    33    32
  720   128   121
  721    94    91
  722     9     5
  723    71    66
  724    78    89
  725     3     4
  726    73    83
  727    74    64
  728    44    36
  729    47    58
  730    45    46
  731    93    97
  732    26    19
  733     5     1
  734    66    78
  735    31    34
  736    43    36
  737    60    49
  738     1     4
  739   107   105
  740   105   104
  741   109   101
  742   111   122
  743    97   101
  744   104    96
  745     8    12
  746    40    45
  747    89    90
  748    77    81
  749    49    54
  750    63    67
  751    86    91
  752    93    89
  753    63    51
  754    84    88
  755   117   113
  756    17    15
  757    41    37
  758   108   103
  759    55    50
  760   124   113
  761    80    69
  762    79    84
  763    47    57
  764    59    49
  765     1     2
  766    88    81
  767    34    30
  768    14    22
  769   124   119
  770    92    99
  771   116   104
  772   101   106
  773    63    63
  774   109    99
  775   107   116
  776    42    51
  777    27    24
  778    50    46
  779    78    85
  780   110   115
  781    92    83
  782    66    59
  783    58    68
  784    15    14
  785   111   116
  786    73    74
  787   117   122
  788    31    24
  789    33    24
  790    82    89
  791    56    47
  792    25    30
  793    98    87
  794    29    20
  795    60    71
  796    98   103
  797    69    80
  798    61    62
  799   128   116
  800     1     8
  801    17    18
  802    38    43
  803    49    57
  804    40    51
  805    15    22
  806    30    37
  807    59    55
  808    12     1
  809   100    93
  810    93    89
  811   119   111
  812    55    45
  813   111   113
  814   108   113
  815   133   124
  816    82    90
  817   132   121
  818   105   101
  819    65    67
  820    82    93
  821    54    59
  822    53    60
  823    40    43
  824    54    62
  825   117   119
  826     1     2
  827    79    88
  828     1     9
  829   115   114
  830   111   108
  831   103    94
  832    22    26
  833    89    85
  834    77    77
  835     5    16
  836    71    83
  837   114   121
  838    19    29
  839   100   107
  840    16    19
  841   117   115
  842    71    61
  843   101    99
  844    43    31
  845    53    55
  846    39    40
  847   105    98
  848    68    62
  849    35    39
  850    77    82
  851    88    98
  852    28    33
  853    38    46
  854    37    41
  855    12    16
  856    22    17
  857    18    14
  858    64    53
  859    48    59
  860    38    34
  861    48    41
  862    23    29
  863    28    29
  864    17    16
  865    56    65
  866    14    16
  867   113   111
  868   104   104
  869    68    61
  870    55    47
  871    42    34
  872    73    68
  873    42    33
  874   110   119
  875    50    38
  876    30    36
  877   124   118
  878     1     9
  879    36    27
  880   110   121
  881    93    81
  882    54    64
  883    86    95
  884   129   118
  885    70    75
  886    40    47
  887    48    45
  888     1     4
  889    75    79
  890    48    50
  891    76    66
  892    41    31
  893   110   116
  894    64    66
  895    76    79
  896   110   101
  897    96    98
  898   114   106
  899    42    47
  900    50    55
  901    10     2
  902    82    86
  903     9     4
  904    13    13
  905    52    48
  906    17    27
  907     1     7
  908    58    49
  909    75    74
  910    19     8
  911    63    63
  912    43    52
  913   107   108
  914    56    44
  915    22    31
  916   110   121
  917     3     7
  918    84    87
  919     1     4
  920   123   115
  921    75    76
  922    82    88
  923    66    74
  924   122   124
  925    97    92
  926    18    22
  927     4     8
  928     8     6
  929   110   119
  930   127   116
  931    22    23
  932     7     3
  933    65    71
  934    32    27
  935     1     1
  936    81    82
  937    83    92
  938    65    56
  939   107   103
  940    79    73
  941    78    71
  942   118   120
  943    93   105
  944    56    47
  945    61    60
  946    61    58
  947    30    26
  948    41    44
  949    80    69
  950   116   113
  951    75    70
  952    69    58
  953    43    46
  954   122   116
  955    83    94
  956    52    56
  957    20     9
  958     1     3
  959    87    96
  960    36    42
  961    27    17
  962    41    45
  963    31    21
  964    28    18
  965     1     1
  966    69    57
  967    70    76
  968    98   106
  969     1     8
  970   114   107
  971    61    70
  972    18     9
  973    52    47
  974    58    62
  975    44    54
  976   109   121
  977    91    96
  978    30    25
  979    87    75
  980    38    43
  981    46    35
  982   114   112
  983    19    11
  984    50    48
  985    89    85
  986    86    90
  987    87    88
  988    38    48
  989    29    26
  990     9     9
  991     5    10
  992    78    66
  993    43    52
  994    62    51
  995   121   114
  996    41    33
  997    99    87
  998   125   121
  999    43    38
 1000     5    14
 1001    64    53
 1002     5    16
 1003   122   119
 1004   106   117
 1005    40    29
 1006     5     1
 1007    87    89
 1008    98    99
 1009    37    49
 1010   114   122
 1011    24    15
 1012    75    66
 1013    27    34
 1014   111   101
 1015    90   102
 1016   106   102
 1017    24    20
 1018    22    17
 1019    38    33
 1020    37    47
 1021    75    64
 1022    87    90
 1023    57    51
 1024    60    58
 1025   103   111
 1026    50    55
 1027    48    57
 1028    73    71
 1029    50    50
 1030    61    71
 1031    30    42
 1032    22    22
 1033    99   106
 1034     8    14
 1035    43    43
 1036    41    52
 1037    63    59
 1038    66    54
 1039    20    31
 1040    57    48
 1041    98    98
 1042    91    93
 1043    22    18
 1044    64    72
 1045    63    69
 1046    46    51
 1047    11    15
 1048    22    15
 1049    97    91
 1050     1     2
 1051    64    52
 1052    49    58
 1053    88    95
 1054    78    87
 1055   128   118
 1056   107   101
 1057    40    43
 1058    33    40
 1059   111   115
 1060     1     5
 1061    77    86
 1062     1     6
 1063    62    69
 1064    67    57
 1065    89    84
 1066    19     9
 1067   114   122
 1068    95   107
 1069   103    98
 1070    19    21
 1071    18    20
 1072   119   113
 1073    85    77
 1074    26    25
 1075    97    95
 1076    84    74
 1077    76    69
 1078   108   103
 1079     1     8
 1080    57    64
 1081    99    92
 1082    14    16
 1083    16    14
 1084    37    41
 1085     1    10
 1086    21    11
 1087    48    52
 1088   125   124
 1089    62    51
 1090    87    99
 1091    57    52
 1092     1    11
 1093    75    70
 1094    82    91
 1095   101    99
 1096   100   100
 1097    43    55
 1098    17    15
 1099    19    15
 1100    30    37
 1101    98   110
 1102    88    93
 1103   106    95
 1104    52    46
 1105    40    35
 1106    20    15
 1107   126   123
 1108   127   123
 1109   100   102
 1110    92    93
 1111    20    19
 1112    25    29
 1113    14    21
 1114    38    49
 1115   107   118
 1116    96    91
 1117    69    66
 1118    60    56
 1119    57    65
 1120   102   107
 1121    17    13
 1122    89    88
 1123    10     3
 1124   111   104
 1125    90    87
 1126    13     5
 1127     6     3
 1128    58    58
 1129   105   114
 1130    93    82
 1131    85    79
 1132    22    11
 1133   114   118
 1134    67    59
 1135    40    33
 1136    77    66
 1137    25    27
 1138    22    22
 1139     6     2
 1140    76    84
 1141    14    23
 1142   100    96
 1143    56    44
 1144    24    29
 1145    14     2
 1146    89    82
 1147    29    37
 1148    45    57
 1149    30    26
 1150    18    23
 1151   121   116
 1152    17    25
 1153    89    86
 1154    70    82
 1155    47    53
 1156    56    65
 1157    28    29
 1158    67    69
 1159    51    62
 1160    42    37
 1161    50    38
 1162    83    74
 1163    53    46
 1164    92    93
 1165    66    62
 1166   127   115
 1167    13    18
 1168   122   114
 1169    24    15
 1170    84    75
 1171    98    87
 1172    17    29
 1173   102   109
 1174    70    61
 1175   114   117
 1176    33    33
 1177    28    32
 1178    21    22
 1179    47    35
 1180    52    63
 1181    78    83
 1182    40    43
 1183     1     6
 1184    90    99
 1185   120   121
 1186    47    54
 1187    91    85
 1188    64    65
 1189    92    99
 1190    48    59
 1191    72    76
 1192    37    42
 1193    14     6
 1194    72    69
 1195   118   111
 1196    37    47
 1197    89    88
 1198    93    88
 1199     1     9
 1200    50    54
 1201   126   124
 1202   109   106
 1203    70    75
 1204   101    93
 1205    98    95
 1206    13     8
 1207    39    27
 1208    92    88
 1209    59    63
 1210    95    87
 1211   130   120
 1212    94    88
 1213   103   101
 1214    23    33
 1215    15    14
 1216    77    80
 1217    43    48
 1218    48    47
 1219    57    60
 1220   110   121
 1221    74    66
 1222   115   123
 1223    89    92
 1224    53    44
 1225    88    83
 1226    92   101
 1227    79    82
 1228    97    88
 1229   109   118
 1230    23    31
 1231     9    11
 1232    80    81
 1233    33    21
 1234   109    98
 1235    10    13
 1236    89    93
 1237   110   107
 1238    47    56
 1239    25    33
 1240    64    60
 1241    17    19
 1242    81    82
 1243   109   103
 1244    29    29
 1245    53    51
 1246    82    81
 1247   101   105
 1248    25    25
 1249    75    67
 1250    97    86
 1251    29    34
 1252     7    13
 1253   106   105
 1254    99   104
 1255   121   123
 1256     7    12
 1257   124   117
 1258    50    38
 1259    19    13
 1260   104   100
 1261   115   104
 1262    38    43
 1263   103    91
 1264    25    20
 1265   114   123
 1266    20    32
 1267   103    98
 1268    42    45
 1269    91    90
 1270    48    42
 1271    39    33
 1272    82    70
 1273    99    99
 1274     1     2
 1275     7     4
 1276     1     2
 1277   108   106
 1278    42    50
 1279    95    99
 1280   126   122
 1281    27    19
 1282    63    59
879494
