145
    1    35    35
    2     1     1
    3    31    31
    4    26    26
    5    33    33
    6    11    11
    7    18    18
    8    31    31
    9    31    31
   10     1     1
   11     9     9
   12    28    28
   13    28    28
   14    33    33
   15    19    19
   16    31    31
   17    16    16
   18    10    10
   19     9     9
   20    34    34
   21    35    35
   22    30    30
   23    26    26
   24    26    26
   25    19    19
   26     6     6
   27    11    11
   28    25    25
   29     8     8
   30    18    18
   31    12    12
   32    31    31
   33    36    36
   34    29    29
   35     7     7
   36    29    29
   37    36    36
   38     2     2
   39     9     9
   40    21    21
   41    12    12
   42     9     9
   43    31    31
   44    26    26
   45     7     7
   46    31    31
   47    22    22
   48     3     3
   49    32    32
   50    16    16
   51    23    23
   52    14    14
   53     5     5
   54    19    19
   55    31    31
   56    19    19
   57    21    21
   58    17    17
   59    10    10
   60    28    28
   61    25    25
   62    32    32
   63    27    27
   64    19    19
   65    11    11
   66    27    27
   67    36    36
   68    14    14
   69    19    19
   70     3     3
   71     8     8
   72     4     4
   73    35    35
   74     8     8
   75    16    16
   76    30    30
   77    31    31
   78    30    30
   79    34    34
   80    15    15
   81    22    22
   82    11    11
   83    33    33
   84    13    13
   85    33    33
   86     1     1
   87     1     1
   88    22    22
   89    18    18
   90    10    10
   91    14    14
   92    22    22
   93    13    13
   94    20    20
   95    17    17
   96     4     4
   97    26    26
   98    32    32
   99    15    15
  100    25    25
  101    34    34
  102    30    30
  103     3     3
  104    18    18
  105    36    36
  106    14    14
  107    11    11
  108    12    12
  109     4     4
  110     7     7
  111    23    23
  112    25    25
  113    16    16
  114    10    10
  115    14    14
  116    35    35
  117    35    35
  118    15    15
  119     5     5
  120     2     2
  121    28    28
  122    19    19
  123    26    26
  124    17    17
  125    35    35
  126     5     5
  127    26    26
  128    29    29
  129    31    31
  130    34    34
  131    35    35
  132    32    32
  133    28    28
  134     4     4
  135    10    10
  136    33    33
  137    27    27
  138    32    32
  139    25    25
  140    33    33
  141    21    21
  142    20    20
  143    13    13
  144    18    18
  145    33    33
11864
