1499
    1    22    12
    2   123   113
    3    47    37
    4    55    45
    5    89    79
    6   109    99
    7    86    76
    8    21    11
    9    19     9
   10    38    28
   11    28    18
   12    58    48
   13    92    82
   14    30    20
   15    86    76
   16    28    18
   17    28    18
   18    43    33
   19   133   123
   20    19     9
   21    34    24
   22    20    10
   23   102    92
   24    76    66
   25    27    17
   26   104    94
   27    87    77
   28    43    33
   29   131   121
   30    20    10
   31    63    53
   32    53    43
   33   140   130
   34    27    17
   35    19     9
   36   107    97
   37    64    54
   38    79    69
   39    81    71
   40   114   104
   41    60    50
   42   118   108
   43    82    72
   44    64    54
   45    27    17
   46   105    95
   47    89    79
   48    65    55
   49    75    65
   50   126   116
   51   139   129
   52    87    77
   53   129   119
   54   141   131
   55    34    24
   56    64    54
   57   140   130
   58   103    93
   59    58    48
   60    57    47
   61   144   134
   62   146   136
   63    38    28
   64    17     7
   65    74    64
   66    25    15
   67   128   118
   68   144   134
   69   123   113
   70   112   102
   71    20    10
   72    78    68
   73    27    17
   74   126   116
   75   111   101
   76   120   110
   77   131   121
   78   139   129
   79    97    87
   80    44    34
   81   102    92
   82    33    23
   83   132   122
   84    22    12
   85    13     3
   86    22    12
   87    64    54
   88    12     2
   89    70    60
   90   119   109
   91    77    67
   92   108    98
   93    32    22
   94    97    87
   95    92    82
   96   109    99
   97    14     4
   98    97    87
   99    99    89
  100    34    24
  101   141   131
  102    28    18
  103    19     9
  104    99    89
  105   116   106
  106   136   126
  107    95    85
  108   110   100
  109    47    37
  110   113   103
  111    98    88
  112    11     1
  113   144   134
  114   135   125
  115    45    35
  116    37    27
  117    67    57
  118   133   123
  119    37    27
  120    36    26
  121   139   129
  122    85    75
  123   117   107
  124    87    77
  125    54    44
  126    86    76
  127   117   107
  128    22    12
  129    42    32
  130    95    85
  131   103    93
  132   118   108
  133   107    97
  134    38    28
  135   121   111
  136   110   100
  137   115   105
  138   137   127
  139    92    82
  140   118   108
  141   124   114
  142    78    68
  143   144   134
  144    88    78
  145    37    27
  146    22    12
  147   146   136
  148    46    36
  149    22    12
  150   107    97
  151    83    73
  152    67    57
  153    97    87
  154   107    97
  155   102    92
  156    38    28
  157    71    61
  158    69    59
  159   125   115
  160    48    38
  161    12     2
  162   112   102
  163   144   134
  164    39    29
  165   137   127
  166    66    56
  167    44    34
  168    51    41
  169    68    58
  170    30    20
  171   116   106
  172    53    43
  173    94    84
  174    47    37
  175    87    77
  176   120   110
  177   113   103
  178    97    87
  179   110   100
  180    79    69
  181    19     9
  182    71    61
  183    31    21
  184    78    68
  185    75    65
  186    94    84
  187    66    56
  188    29    19
  189    95    85
  190    73    63
  191    80    70
  192    87    77
  193    96    86
  194    94    84
  195    51    41
  196   113   103
  197    11     1
  198   141   131
  199    63    53
  200    77    67
  201   132   122
  202    41    31
  203   139   129
  204    54    44
  205    97    87
  206    63    53
  207    19     9
  208    46    36
  209   136   126
  210    84    74
  211    77    67
  212    68    58
  213    46    36
  214   139   129
  215    13     3
  216   105    95
  217   109    99
  218   139   129
  219    32    22
  220    73    63
  221   121   111
  222   110   100
  223   122   112
  224    63    53
  225    24    14
  226   126   116
  227    20    10
  228    40    30
  229    84    74
  230    59    49
  231    85    75
  232    34    24
  233   142   132
  234   112   102
  235    52    42
  236    38    28
  237    40    30
  238    11     1
  239    55    45
  240    40    30
  241   110   100
  242    34    24
  243    11     1
  244    15     5
  245    18     8
  246    83    73
  247    81    71
  248    24    14
  249    44    34
  250    36    26
  251    49    39
  252    61    51
  253    74    64
  254   121   111
  255    54    44
  256   131   121
  257    17     7
  258    44    34
  259   126   116
  260    73    63
  261    16     6
  262    55    45
  263    12     2
  264    76    66
  265    61    51
  266   125   115
  267    35    25
  268   143   133
  269    23    13
  270    78    68
  271    97    87
  272    64    54
  273    56    46
  274    81    71
  275    77    67
  276   126   116
  277   100    90
  278   132   122
  279    79    69
  280    62    52
  281    26    16
  282    39    29
  283    19     9
  284    69    59
  285    46    36
  286   142   132
  287   130   120
  288   112   102
  289    48    38
  290   141   131
  291   133   123
  292    71    61
  293    13     3
  294   118   108
  295    38    28
  296   144   134
  297    23    13
  298   117   107
  299   141   131
  300   119   109
  301   140   130
  302    45    35
  303   123   113
  304    59    49
  305    80    70
  306    84    74
  307   111   101
  308    92    82
  309    16     6
  310    81    71
  311    19     9
  312   121   111
  313    13     3
  314   102    92
  315    26    16
  316   134   124
  317   112   102
  318   120   110
  319   104    94
  320   114   104
  321   144   134
  322    19     9
  323   117   107
  324    46    36
  325    69    59
  326    19     9
  327   104    94
  328    74    64
  329   112   102
  330    21    11
  331   133   123
  332    90    80
  333   113   103
  334    92    82
  335   106    96
  336   109    99
  337    28    18
  338    63    53
  339    52    42
  340   110   100
  341    17     7
  342    55    45
  343    56    46
  344    59    49
  345    31    21
  346    47    37
  347   136   126
  348    67    57
  349    45    35
  350   124   114
  351   141   131
  352   141   131
  353   125   115
  354    60    50
  355   108    98
  356    51    41
  357   117   107
  358    91    81
  359    46    36
  360   133   123
  361    66    56
  362   104    94
  363    31    21
  364   138   128
  365    83    73
  366    62    52
  367    83    73
  368   114   104
  369   103    93
  370    54    44
  371    16     6
  372    46    36
  373   133   123
  374   146   136
  375   100    90
  376    65    55
  377    78    68
  378    36    26
  379    12     2
  380    32    22
  381   121   111
  382    85    75
  383    93    83
  384    92    82
  385    99    89
  386    90    80
  387   107    97
  388    65    55
  389   104    94
  390    33    23
  391    12     2
  392   102    92
  393    66    56
  394    17     7
  395    56    46
  396   117   107
  397   133   123
  398   143   133
  399   144   134
  400   117   107
  401    53    43
  402    61    51
  403    79    69
  404    26    16
  405   101    91
  406    29    19
  407    17     7
  408    79    69
  409    45    35
  410    51    41
  411    79    69
  412    17     7
  413   111   101
  414    48    38
  415   140   130
  416   140   130
  417   118   108
  418    43    33
  419   136   126
  420   108    98
  421    27    17
  422    74    64
  423   110   100
  424    42    32
  425    53    43
  426    30    20
  427   139   129
  428    38    28
  429    76    66
  430   100    90
  431   118   108
  432    83    73
  433   107    97
  434    56    46
  435   102    92
  436    30    20
  437    48    38
  438    52    42
  439    13     3
  440    80    70
  441    24    14
  442    54    44
  443    55    45
  444    19     9
  445    36    26
  446    72    62
  447    54    44
  448   105    95
  449    50    40
  450    89    79
  451   110   100
  452   128   118
  453   122   112
  454    73    63
  455   120   110
  456    74    64
  457   142   132
  458    81    71
  459    13     3
  460   105    95
  461    84    74
  462    17     7
  463   137   127
  464    72    62
  465   115   105
  466    83    73
  467   137   127
  468   140   130
  469   128   118
  470    52    42
  471   106    96
  472    17     7
  473   108    98
  474    27    17
  475    64    54
  476   121   111
  477   123   113
  478    42    32
  479    47    37
  480    23    13
  481   108    98
  482   130   120
  483    90    80
  484   122   112
  485    96    86
  486    99    89
  487   134   124
  488   109    99
  489    33    23
  490    16     6
  491    25    15
  492    43    33
  493    88    78
  494    17     7
  495   132   122
  496    56    46
  497    51    41
  498   130   120
  499   131   121
  500    98    88
  501    17     7
  502   105    95
  503    37    27
  504    22    12
  505    59    49
  506    77    67
  507   100    90
  508    47    37
  509   130   120
  510   105    95
  511    75    65
  512   138   128
  513    87    77
  514    96    86
  515    31    21
  516    13     3
  517    18     8
  518    19     9
  519    19     9
  520    13     3
  521    98    88
  522    38    28
  523   108    98
  524    55    45
  525    61    51
  526   104    94
  527    45    35
  528    54    44
  529   134   124
  530    25    15
  531   104    94
  532    99    89
  533   105    95
  534   134   124
  535    26    16
  536   139   129
  537    75    65
  538    72    62
  539   122   112
  540    90    80
  541   114   104
  542   114   104
  543    86    76
  544    69    59
  545   110   100
  546   129   119
  547   129   119
  548    13     3
  549    84    74
  550    70    60
  551    45    35
  552    16     6
  553    37    27
  554   135   125
  555   129   119
  556    81    71
  557   111   101
  558    84    74
  559    15     5
  560    95    85
  561    79    69
  562    36    26
  563    53    43
  564    44    34
  565    26    16
  566    80    70
  567   141   131
  568   100    90
  569    71    61
  570    23    13
  571    43    33
  572    53    43
  573   130   120
  574    33    23
  575   107    97
  576    45    35
  577    47    37
  578    32    22
  579   101    91
  580   119   109
  581    33    23
  582    23    13
  583    94    84
  584    80    70
  585    55    45
  586   142   132
  587    68    58
  588   110   100
  589    17     7
  590    54    44
  591   101    91
  592   119   109
  593   141   131
  594   111   101
  595    13     3
  596    95    85
  597    16     6
  598   130   120
  599   122   112
  600    76    66
  601    43    33
  602    64    54
  603    53    43
  604   108    98
  605   132   122
  606    81    71
  607    96    86
  608    14     4
  609    14     4
  610    88    78
  611    22    12
  612    22    12
  613   102    92
  614    51    41
  615    44    34
  616    81    71
  617    18     8
  618    81    71
  619    58    48
  620    96    86
  621    64    54
  622    85    75
  623   125   115
  624   138   128
  625    81    71
  626   119   109
  627    12     2
  628   146   136
  629    80    70
  630   105    95
  631    93    83
  632    88    78
  633   115   105
  634    46    36
  635    68    58
  636    11     1
  637    93    83
  638    30    20
  639    15     5
  640    44    34
  641    37    27
  642   103    93
  643   145   135
  644   126   116
  645    94    84
  646   110   100
  647    73    63
  648    81    71
  649    60    50
  650    19     9
  651   126   116
  652    85    75
  653   120   110
  654   114   104
  655   129   119
  656    20    10
  657   104    94
  658    94    84
  659    31    21
  660    32    22
  661    54    44
  662   136   126
  663    66    56
  664    52    42
  665    27    17
  666    37    27
  667    51    41
  668    39    29
  669   144   134
  670    45    35
  671    22    12
  672    98    88
  673    25    15
  674    40    30
  675    89    79
  676    91    81
  677    39    29
  678   123   113
  679    90    80
  680   138   128
  681    88    78
  682    72    62
  683    29    19
  684   137   127
  685    44    34
  686    92    82
  687   103    93
  688   144   134
  689    55    45
  690    73    63
  691    25    15
  692   118   108
  693    94    84
  694    60    50
  695    12     2
  696    76    66
  697    48    38
  698   121   111
  699   102    92
  700   123   113
  701    67    57
  702   138   128
  703    15     5
  704   126   116
  705    47    37
  706   118   108
  707    91    81
  708    74    64
  709    75    65
  710    95    85
  711    91    81
  712    65    55
  713    50    40
  714    60    50
  715    42    32
  716    38    28
  717    33    23
  718   124   114
  719    81    71
  720    91    81
  721    64    54
  722   140   130
  723    15     5
  724    95    85
  725    99    89
  726    32    22
  727    49    39
  728    59    49
  729   124   114
  730    22    12
  731    58    48
  732   131   121
  733   127   117
  734   144   134
  735    79    69
  736   106    96
  737   106    96
  738    79    69
  739    81    71
  740   110   100
  741    30    20
  742    61    51
  743    96    86
  744    34    24
  745    94    84
  746    83    73
  747   137   127
  748   106    96
  749    51    41
  750    81    71
  751   108    98
  752    57    47
  753   145   135
  754    68    58
  755    60    50
  756    47    37
  757   130   120
  758    33    23
  759   123   113
  760    23    13
  761    77    67
  762    48    38
  763    74    64
  764    20    10
  765    27    17
  766    27    17
  767   122   112
  768    83    73
  769    30    20
  770    86    76
  771    82    72
  772   139   129
  773   142   132
  774    81    71
  775    13     3
  776    73    63
  777   136   126
  778    49    39
  779   143   133
  780    88    78
  781   125   115
  782   101    91
  783    52    42
  784   110   100
  785    37    27
  786   115   105
  787   133   123
  788   114   104
  789   103    93
  790    82    72
  791    56    46
  792    74    64
  793    14     4
  794   139   129
  795   122   112
  796    64    54
  797    57    47
  798   121   111
  799    60    50
  800    84    74
  801   135   125
  802    39    29
  803   136   126
  804    37    27
  805    92    82
  806    96    86
  807   142   132
  808    17     7
  809    61    51
  810   114   104
  811    95    85
  812    29    19
  813   100    90
  814    36    26
  815    13     3
  816   142   132
  817   137   127
  818    86    76
  819    29    19
  820   109    99
  821    85    75
  822    32    22
  823   130   120
  824    40    30
  825    19     9
  826    43    33
  827   135   125
  828    30    20
  829    22    12
  830    91    81
  831    81    71
  832    91    81
  833    89    79
  834    86    76
  835   135   125
  836    33    23
  837   127   117
  838   110   100
  839    62    52
  840   111   101
  841    88    78
  842    90    80
  843   125   115
  844   107    97
  845    68    58
  846   123   113
  847   122   112
  848    60    50
  849    63    53
  850   114   104
  851    96    86
  852    75    65
  853    65    55
  854   111   101
  855    62    52
  856   143   133
  857    25    15
  858    60    50
  859   132   122
  860   143   133
  861    21    11
  862   103    93
  863    28    18
  864   106    96
  865    56    46
  866    95    85
  867    27    17
  868    66    56
  869   121   111
  870    78    68
  871   107    97
  872   111   101
  873   116   106
  874    53    43
  875    86    76
  876    40    30
  877    40    30
  878    85    75
  879   129   119
  880    85    75
  881    68    58
  882    25    15
  883    67    57
  884    96    86
  885    86    76
  886    98    88
  887    24    14
  888    33    23
  889    82    72
  890    18     8
  891   134   124
  892    25    15
  893    99    89
  894    57    47
  895    11     1
  896    94    84
  897   105    95
  898    14     4
  899    17     7
  900    77    67
  901   111   101
  902    93    83
  903    24    14
  904    85    75
  905   135   125
  906    87    77
  907    70    60
  908    48    38
  909    45    35
  910    15     5
  911    69    59
  912    69    59
  913    69    59
  914    89    79
  915   129   119
  916    96    86
  917    82    72
  918    85    75
  919    52    42
  920   108    98
  921   116   106
  922   113   103
  923   136   126
  924    95    85
  925    36    26
  926   100    90
  927    65    55
  928   131   121
  929   103    93
  930    63    53
  931    44    34
  932   140   130
  933   109    99
  934    62    52
  935    40    30
  936    29    19
  937    21    11
  938   140   130
  939   144   134
  940    13     3
  941    47    37
  942   125   115
  943    41    31
  944    39    29
  945   109    99
  946    76    66
  947    70    60
  948   112   102
  949    38    28
  950    69    59
  951    70    60
  952    50    40
  953    73    63
  954   125   115
  955    63    53
  956    69    59
  957   139   129
  958   133   123
  959    89    79
  960    68    58
  961   126   116
  962    46    36
  963   113   103
  964    93    83
  965    70    60
  966    86    76
  967    80    70
  968   146   136
  969    72    62
  970    96    86
  971   128   118
  972    61    51
  973   137   127
  974   146   136
  975   115   105
  976    17     7
  977    80    70
  978    72    62
  979    95    85
  980    27    17
  981    89    79
  982   110   100
  983   106    96
  984   119   109
  985   111   101
  986    18     8
  987    94    84
  988    79    69
  989   109    99
  990    32    22
  991   105    95
  992    70    60
  993    98    88
  994    71    61
  995    43    33
  996    51    41
  997   111   101
  998   104    94
  999   141   131
 1000    81    71
 1001    13     3
 1002    63    53
 1003    19     9
 1004    11     1
 1005    56    46
 1006   123   113
 1007   141   131
 1008    93    83
 1009   138   128
 1010    55    45
 1011    56    46
 1012    54    44
 1013    53    43
 1014    59    49
 1015    43    33
 1016    57    47
 1017    81    71
 1018    60    50
 1019    41    31
 1020    42    32
 1021    78    68
 1022   103    93
 1023    67    57
 1024   141   131
 1025    39    29
 1026    22    12
 1027   103    93
 1028    35    25
 1029    59    49
 1030   105    95
 1031   113   103
 1032   126   116
 1033   137   127
 1034   118   108
 1035    92    82
 1036   124   114
 1037   103    93
 1038    51    41
 1039   108    98
 1040    32    22
 1041    47    37
 1042    87    77
 1043   139   129
 1044    75    65
 1045    15     5
 1046    40    30
 1047   119   109
 1048    98    88
 1049    51    41
 1050    48    38
 1051   133   123
 1052    97    87
 1053    49    39
 1054   121   111
 1055   132   122
 1056    21    11
 1057   129   119
 1058    55    45
 1059   136   126
 1060   103    93
 1061   119   109
 1062    45    35
 1063   137   127
 1064    85    75
 1065   127   117
 1066    79    69
 1067    71    61
 1068    26    16
 1069    51    41
 1070    14     4
 1071    52    42
 1072    46    36
 1073    84    74
 1074   139   129
 1075   135   125
 1076    96    86
 1077    66    56
 1078    27    17
 1079    80    70
 1080    39    29
 1081    26    16
 1082    96    86
 1083    61    51
 1084    32    22
 1085    51    41
 1086    24    14
 1087   128   118
 1088   122   112
 1089    69    59
 1090    54    44
 1091    26    16
 1092    37    27
 1093    23    13
 1094    95    85
 1095    33    23
 1096    89    79
 1097    51    41
 1098   135   125
 1099    73    63
 1100    59    49
 1101    48    38
 1102    34    24
 1103   114   104
 1104    66    56
 1105   123   113
 1106    78    68
 1107    61    51
 1108    40    30
 1109   124   114
 1110    69    59
 1111   116   106
 1112    20    10
 1113   120   110
 1114   121   111
 1115   141   131
 1116   124   114
 1117    96    86
 1118    24    14
 1119    91    81
 1120   143   133
 1121    37    27
 1122   135   125
 1123    58    48
 1124    73    63
 1125    63    53
 1126    75    65
 1127   109    99
 1128   112   102
 1129    17     7
 1130   122   112
 1131    37    27
 1132    59    49
 1133   146   136
 1134    16     6
 1135   143   133
 1136   114   104
 1137   114   104
 1138   126   116
 1139    11     1
 1140   120   110
 1141    70    60
 1142    37    27
 1143   133   123
 1144    77    67
 1145    27    17
 1146    63    53
 1147   138   128
 1148    88    78
 1149   139   129
 1150   142   132
 1151   137   127
 1152   114   104
 1153    79    69
 1154    39    29
 1155   139   129
 1156    13     3
 1157    26    16
 1158    94    84
 1159   136   126
 1160   124   114
 1161   101    91
 1162    77    67
 1163    40    30
 1164    52    42
 1165   132   122
 1166    87    77
 1167    50    40
 1168    56    46
 1169   124   114
 1170   142   132
 1171    93    83
 1172    26    16
 1173   143   133
 1174   124   114
 1175   104    94
 1176    77    67
 1177   142   132
 1178    39    29
 1179    48    38
 1180   144   134
 1181    65    55
 1182   134   124
 1183    30    20
 1184    85    75
 1185    46    36
 1186   144   134
 1187    66    56
 1188    71    61
 1189    68    58
 1190    68    58
 1191    96    86
 1192    73    63
 1193    75    65
 1194    82    72
 1195    85    75
 1196    52    42
 1197    83    73
 1198    48    38
 1199    14     4
 1200   145   135
 1201   109    99
 1202   113   103
 1203   117   107
 1204   132   122
 1205    57    47
 1206    17     7
 1207    90    80
 1208   105    95
 1209   125   115
 1210    11     1
 1211    74    64
 1212    97    87
 1213    22    12
 1214    99    89
 1215    86    76
 1216    52    42
 1217   142   132
 1218    71    61
 1219   146   136
 1220    18     8
 1221    59    49
 1222   104    94
 1223    96    86
 1224   125   115
 1225   112   102
 1226    87    77
 1227    56    46
 1228    70    60
 1229    82    72
 1230    58    48
 1231    71    61
 1232   112   102
 1233    57    47
 1234   117   107
 1235    98    88
 1236   130   120
 1237    57    47
 1238    21    11
 1239    93    83
 1240   133   123
 1241    52    42
 1242    49    39
 1243    36    26
 1244    45    35
 1245    53    43
 1246    49    39
 1247    60    50
 1248    45    35
 1249    60    50
 1250    32    22
 1251    95    85
 1252    99    89
 1253    73    63
 1254    46    36
 1255    43    33
 1256   146   136
 1257    15     5
 1258    62    52
 1259    62    52
 1260    71    61
 1261   102    92
 1262    15     5
 1263    64    54
 1264    67    57
 1265    52    42
 1266    61    51
 1267    77    67
 1268   134   124
 1269    82    72
 1270    95    85
 1271    86    76
 1272    61    51
 1273    71    61
 1274   123   113
 1275    66    56
 1276   138   128
 1277    27    17
 1278   102    92
 1279    54    44
 1280    18     8
 1281    42    32
 1282    72    62
 1283    70    60
 1284    85    75
 1285    11     1
 1286    51    41
 1287   102    92
 1288    78    68
 1289    59    49
 1290   140   130
 1291    74    64
 1292    25    15
 1293    75    65
 1294    43    33
 1295    15     5
 1296    36    26
 1297   139   129
 1298    21    11
 1299    44    34
 1300    14     4
 1301    41    31
 1302    97    87
 1303    32    22
 1304   101    91
 1305    50    40
 1306    63    53
 1307    81    71
 1308   140   130
 1309    76    66
 1310   131   121
 1311    46    36
 1312    32    22
 1313    54    44
 1314    97    87
 1315    66    56
 1316    36    26
 1317    60    50
 1318    11     1
 1319   134   124
 1320    83    73
 1321    42    32
 1322    22    12
 1323    97    87
 1324    18     8
 1325    77    67
 1326    91    81
 1327    70    60
 1328    40    30
 1329    97    87
 1330    25    15
 1331    59    49
 1332    69    59
 1333    82    72
 1334    31    21
 1335    25    15
 1336   112   102
 1337    26    16
 1338    39    29
 1339    53    43
 1340    61    51
 1341    67    57
 1342    38    28
 1343    66    56
 1344   139   129
 1345    74    64
 1346    96    86
 1347    80    70
 1348   132   122
 1349    97    87
 1350    41    31
 1351    45    35
 1352    29    19
 1353    56    46
 1354   102    92
 1355    14     4
 1356    85    75
 1357    15     5
 1358    50    40
 1359   123   113
 1360    19     9
 1361    73    63
 1362   109    99
 1363    36    26
 1364    16     6
 1365    72    62
 1366   110   100
 1367   116   106
 1368    91    81
 1369    66    56
 1370   105    95
 1371    96    86
 1372    35    25
 1373   133   123
 1374    35    25
 1375    20    10
 1376    15     5
 1377    12     2
 1378    50    40
 1379    67    57
 1380    97    87
 1381   126   116
 1382    66    56
 1383   136   126
 1384    26    16
 1385    31    21
 1386   130   120
 1387    22    12
 1388    23    13
 1389    13     3
 1390   117   107
 1391    96    86
 1392    24    14
 1393    97    87
 1394    69    59
 1395   118   108
 1396    89    79
 1397    56    46
 1398    25    15
 1399   100    90
 1400    74    64
 1401    62    52
 1402    79    69
 1403    65    55
 1404    25    15
 1405    14     4
 1406   101    91
 1407   113   103
 1408   120   110
 1409    55    45
 1410    17     7
 1411    71    61
 1412    96    86
 1413    94    84
 1414    81    71
 1415    27    17
 1416    44    34
 1417    68    58
 1418   101    91
 1419    44    34
 1420    83    73
 1421   109    99
 1422    40    30
 1423   130   120
 1424    85    75
 1425    77    67
 1426    61    51
 1427    58    48
 1428   110   100
 1429    22    12
 1430    69    59
 1431    23    13
 1432    49    39
 1433    58    48
 1434    47    37
 1435    89    79
 1436    68    58
 1437    81    71
 1438    25    15
 1439    77    67
 1440   145   135
 1441   104    94
 1442    91    81
 1443   137   127
 1444    36    26
 1445    86    76
 1446    27    17
 1447    90    80
 1448    64    54
 1449   100    90
 1450    66    56
 1451    76    66
 1452    53    43
 1453   137   127
 1454    78    68
 1455   125   115
 1456    52    42
 1457    15     5
 1458   113   103
 1459   110   100
 1460   115   105
 1461    85    75
 1462    86    76
 1463   111   101
 1464    83    73
 1465    74    64
 1466    99    89
 1467    62    52
 1468   126   116
 1469   107    97
 1470    50    40
 1471    28    18
 1472   135   125
 1473    33    23
 1474    82    72
 1475    20    10
 1476    34    24
 1477   106    96
 1478   107    97
 1479    81    71
 1480   114   104
 1481   122   112
 1482   103    93
 1483    19     9
 1484    49    39
 1485    54    44
 1486    67    57
 1487    77    67
 1488    26    16
 1489    60    50
 1490   133   123
 1491    62    52
 1492    18     8
 1493    90    80
 1494    15     5
 1495    73    63
 1496    29    19
 1497   138   128
 1498   121   111
 1499    84    74
1163006
