1753
    1    88    88
    2    84    84
    3   123   123
    4   147   147
    5    27    27
    6   107   107
    7     7     7
    8    51    51
    9    25    25
   10   109   109
   11   114   114
   12    82    82
   13    10    10
   14     3     3
   15    68    68
   16   102   102
   17    41    41
   18    15    15
   19   102   102
   20    64    64
   21   137   137
   22    90    90
   23    71    71
   24    35    35
   25    37    37
   26   127   127
   27    81    81
   28    49    49
   29    97    97
   30    77    77
   31    55    55
   32    60    60
   33   119   119
   34   149   149
   35    30    30
   36   132   132
   37    96    96
   38     1     1
   39    65    65
   40    77    77
   41     5     5
   42    58    58
   43    61    61
   44   132   132
   45    65    65
   46     4     4
   47    36    36
   48    89    89
   49    57    57
   50   149   149
   51    38    38
   52    64    64
   53     9     9
   54    11    11
   55   139   139
   56    44    44
   57    39    39
   58    98    98
   59    94    94
   60    91    91
   61    31    31
   62   102   102
   63   145   145
   64   146   146
   65   131   131
   66    87    87
   67    66    66
   68    18    18
   69    97    97
   70    89    89
   71     5     5
   72    72    72
   73    27    27
   74   132   132
   75    73    73
   76    82    82
   77    58    58
   78    34    34
   79    17    17
   80   118   118
   81    89    89
   82    30    30
   83    94    94
   84    44    44
   85   135   135
   86    67    67
   87    84    84
   88    65    65
   89    93    93
   90   149   149
   91    61    61
   92   104   104
   93   100   100
   94    42    42
   95   146   146
   96   121   121
   97    58    58
   98    37    37
   99    40    40
  100    15    15
  101    98    98
  102    20    20
  103   120   120
  104    95    95
  105    62    62
  106    73    73
  107    51    51
  108    51    51
  109    26    26
  110   138   138
  111     1     1
  112    19    19
  113    29    29
  114    71    71
  115    90    90
  116   143   143
  117    93    93
  118   136   136
  119   145   145
  120   119   119
  121   100   100
  122    59    59
  123    82    82
  124   137   137
  125   134   134
  126     4     4
  127    30    30
  128    72    72
  129   147   147
  130     7     7
  131    20    20
  132   104   104
  133   102   102
  134   102   102
  135   144   144
  136    69    69
  137   135   135
  138    68    68
  139   148   148
  140    54    54
  141    42    42
  142    13    13
  143    97    97
  144    86    86
  145    13    13
  146    48    48
  147     3     3
  148    94    94
  149    77    77
  150    55    55
  151    77    77
  152    65    65
  153     2     2
  154    21    21
  155    62    62
  156    94    94
  157    70    70
  158    99    99
  159    98    98
  160   101   101
  161   110   110
  162   138   138
  163   110   110
  164    25    25
  165   122   122
  166    94    94
  167    52    52
  168    92    92
  169    88    88
  170    15    15
  171    10    10
  172    37    37
  173    27    27
  174    49    49
  175    92    92
  176    30    30
  177   132   132
  178    19    19
  179   134   134
  180    44    44
  181    76    76
  182   125   125
  183    76    76
  184    37    37
  185   131   131
  186   143   143
  187    55    55
  188    89    89
  189    22    22
  190   139   139
  191    12    12
  192    65    65
  193    79    79
  194   125   125
  195   124   124
  196    46    46
  197   105   105
  198   104   104
  199    33    33
  200    70    70
  201   108   108
  202   128   128
  203     5     5
  204   102   102
  205    27    27
  206   140   140
  207    98    98
  208    31    31
  209    45    45
  210   135   135
  211    46    46
  212   140   140
  213    57    57
  214    95    95
  215   105   105
  216    14    14
  217    81    81
  218   108   108
  219    86    86
  220   115   115
  221    51    51
  222    55    55
  223   149   149
  224   124   124
  225    96    96
  226    30    30
  227    69    69
  228    99    99
  229    83    83
  230    44    44
  231    16    16
  232    16    16
  233   135   135
  234   110   110
  235   115   115
  236    13    13
  237    83    83
  238    31    31
  239    32    32
  240    73    73
  241    27    27
  242   112   112
  243    23    23
  244   118   118
  245    40    40
  246   132   132
  247   121   121
  248   129   129
  249    18    18
  250    90    90
  251     2     2
  252    80    80
  253    86    86
  254    72    72
  255    33    33
  256    16    16
  257   105   105
  258    28    28
  259    93    93
  260    88    88
  261   123   123
  262    26    26
  263   137   137
  264     6     6
  265    85    85
  266    26    26
  267   140   140
  268   140   140
  269    40    40
  270    27    27
  271    79    79
  272    27    27
  273     2     2
  274   112   112
  275    64    64
  276    23    23
  277   124   124
  278   102   102
  279   138   138
  280    43    43
  281    51    51
  282    96    96
  283    87    87
  284    75    75
  285    55    55
  286    80    80
  287   106   106
  288    77    77
  289     9     9
  290    20    20
  291     1     1
  292    19    19
  293   131   131
  294    30    30
  295    72    72
  296   122   122
  297    56    56
  298   146   146
  299    49    49
  300    64    64
  301    96    96
  302   136   136
  303    18    18
  304    15    15
  305    69    69
  306   104   104
  307    96    96
  308     8     8
  309   121   121
  310   112   112
  311    93    93
  312    90    90
  313   134   134
  314   123   123
  315    47    47
  316    10    10
  317    24    24
  318    84    84
  319   109   109
  320   138   138
  321   149   149
  322    82    82
  323     3     3
  324    16    16
  325   111   111
  326    84    84
  327    78    78
  328    24    24
  329    57    57
  330     1     1
  331    98    98
  332    15    15
  333   109   109
  334    79    79
  335     8     8
  336   139   139
  337    97    97
  338    42    42
  339    12    12
  340   120   120
  341    70    70
  342    14    14
  343    50    50
  344    56    56
  345    21    21
  346    51    51
  347    56    56
  348    14    14
  349   130   130
  350    43    43
  351    14    14
  352    47    47
  353    80    80
  354   106   106
  355   102   102
  356   133   133
  357    31    31
  358   134   134
  359   130   130
  360    18    18
  361    57    57
  362   148   148
  363     3     3
  364    52    52
  365    36    36
  366    37    37
  367    73    73
  368    29    29
  369    98    98
  370    37    37
  371    24    24
  372    45    45
  373     7     7
  374   100   100
  375   113   113
  376   122   122
  377   125   125
  378    63    63
  379   102   102
  380    48    48
  381    73    73
  382    28    28
  383    70    70
  384    17    17
  385    84    84
  386    38    38
  387   118   118
  388    37    37
  389    94    94
  390    70    70
  391   120   120
  392   109   109
  393    70    70
  394   148   148
  395    66    66
  396   138   138
  397   129   129
  398    72    72
  399   122   122
  400   141   141
  401   135   135
  402    75    75
  403   116   116
  404   102   102
  405    74    74
  406    28    28
  407    51    51
  408    88    88
  409    86    86
  410     6     6
  411   132   132
  412    90    90
  413   149   149
  414    32    32
  415    15    15
  416     6     6
  417    65    65
  418    18    18
  419    75    75
  420    42    42
  421    98    98
  422    46    46
  423   129   129
  424    38    38
  425   128   128
  426   103   103
  427   123   123
  428    38    38
  429    87    87
  430    17    17
  431    79    79
  432   103   103
  433    14    14
  434   132   132
  435    95    95
  436    74    74
  437   106   106
  438     8     8
  439   123   123
  440    15    15
  441    55    55
  442    25    25
  443   142   142
  444   145   145
  445    91    91
  446    30    30
  447   105   105
  448    84    84
  449   139   139
  450    10    10
  451    63    63
  452   122   122
  453    97    97
  454   147   147
  455    86    86
  456   140   140
  457   105   105
  458   149   149
  459   142   142
  460    13    13
  461    80    80
  462    49    49
  463    22    22
  464    91    91
  465    37    37
  466    48    48
  467    33    33
  468    34    34
  469    74    74
  470    25    25
  471    71    71
  472    52    52
  473    89    89
  474   128   128
  475    62    62
  476     2     2
  477    57    57
  478    84    84
  479    54    54
  480     1     1
  481   136   136
  482   128   128
  483    80    80
  484    72    72
  485    41    41
  486    98    98
  487    22    22
  488    56    56
  489    10    10
  490     6     6
  491    83    83
  492    31    31
  493     9     9
  494     9     9
  495   119   119
  496   133   133
  497    24    24
  498   117   117
  499    71    71
  500    52    52
  501     7     7
  502    34    34
  503   130   130
  504   113   113
  505   146   146
  506   144   144
  507    48    48
  508    32    32
  509    11    11
  510    32    32
  511    77    77
  512    95    95
  513   130   130
  514    75    75
  515   122   122
  516   146   146
  517   100   100
  518   147   147
  519    54    54
  520    64    64
  521    88    88
  522    25    25
  523    17    17
  524   111   111
  525   147   147
  526   126   126
  527    28    28
  528   135   135
  529   130   130
  530    22    22
  531    78    78
  532   108   108
  533    94    94
  534   116   116
  535    29    29
  536   148   148
  537   124   124
  538    98    98
  539    13    13
  540   128   128
  541    20    20
  542   131   131
  543   117   117
  544    89    89
  545    61    61
  546    32    32
  547    52    52
  548   117   117
  549   108   108
  550    88    88
  551   124   124
  552   111   111
  553    18    18
  554    23    23
  555    33    33
  556   139   139
  557    46    46
  558     5     5
  559    69    69
  560     4     4
  561    81    81
  562   128   128
  563    37    37
  564    97    97
  565    66    66
  566    67    67
  567   132   132
  568   104   104
  569    57    57
  570    75    75
  571   131   131
  572    19    19
  573    22    22
  574   141   141
  575   148   148
  576   118   118
  577   107   107
  578    35    35
  579   134   134
  580   120   120
  581     8     8
  582   133   133
  583     6     6
  584   103   103
  585     5     5
  586   132   132
  587   148   148
  588   122   122
  589    21    21
  590    18    18
  591   137   137
  592    85    85
  593    77    77
  594    67    67
  595    27    27
  596     6     6
  597    50    50
  598    38    38
  599     4     4
  600   118   118
  601    22    22
  602   104   104
  603   108   108
  604   104   104
  605    88    88
  606    53    53
  607    52    52
  608   131   131
  609   117   117
  610   137   137
  611    87    87
  612    64    64
  613    12    12
  614   147   147
  615    11    11
  616    62    62
  617    46    46
  618     2     2
  619   108   108
  620   121   121
  621   141   141
  622    85    85
  623   119   119
  624   146   146
  625    92    92
  626    63    63
  627   134   134
  628    44    44
  629    87    87
  630    63    63
  631    70    70
  632    28    28
  633   131   131
  634    31    31
  635    92    92
  636   101   101
  637   109   109
  638   148   148
  639    16    16
  640    53    53
  641   132   132
  642   115   115
  643     8     8
  644    54    54
  645    65    65
  646   101   101
  647   137   137
  648    70    70
  649    12    12
  650   102   102
  651   115   115
  652    56    56
  653   143   143
  654    39    39
  655    78    78
  656    93    93
  657     8     8
  658   100   100
  659   107   107
  660    94    94
  661    98    98
  662    23    23
  663    33    33
  664    10    10
  665   148   148
  666    63    63
  667   146   146
  668    78    78
  669     7     7
  670    53    53
  671   101   101
  672     6     6
  673    62    62
  674     7     7
  675   118   118
  676   113   113
  677    27    27
  678    20    20
  679    27    27
  680   145   145
  681   123   123
  682     4     4
  683   111   111
  684    10    10
  685   145   145
  686    92    92
  687    39    39
  688   116   116
  689    93    93
  690    23    23
  691    69    69
  692   101   101
  693    85    85
  694     7     7
  695   109   109
  696    11    11
  697   148   148
  698    56    56
  699     9     9
  700    49    49
  701    67    67
  702   117   117
  703   132   132
  704    68    68
  705    28    28
  706   115   115
  707     1     1
  708    52    52
  709   131   131
  710    62    62
  711    58    58
  712   128   128
  713    84    84
  714    86    86
  715    97    97
  716   126   126
  717    67    67
  718    83    83
  719   128   128
  720   107   107
  721    37    37
  722    34    34
  723    99    99
  724    66    66
  725     4     4
  726    51    51
  727    88    88
  728    95    95
  729    63    63
  730   123   123
  731    23    23
  732    31    31
  733   105   105
  734    81    81
  735   116   116
  736    86    86
  737    69    69
  738    90    90
  739    44    44
  740     2     2
  741    55    55
  742    98    98
  743   110   110
  744   127   127
  745    40    40
  746    29    29
  747   145   145
  748     5     5
  749   149   149
  750   139   139
  751    20    20
  752    59    59
  753    42    42
  754   115   115
  755    61    61
  756    53    53
  757    32    32
  758   111   111
  759    50    50
  760    18    18
  761    27    27
  762    81    81
  763    28    28
  764   110   110
  765   136   136
  766   123   123
  767   107   107
  768    60    60
  769    97    97
  770    60    60
  771    36    36
  772   116   116
  773    87    87
  774   138   138
  775    70    70
  776   117   117
  777    18    18
  778   103   103
  779   114   114
  780    72    72
  781   123   123
  782    98    98
  783    51    51
  784    65    65
  785   122   122
  786   100   100
  787   120   120
  788   114   114
  789    39    39
  790    80    80
  791    89    89
  792    62    62
  793    19    19
  794    30    30
  795    90    90
  796    14    14
  797    57    57
  798   105   105
  799   112   112
  800    66    66
  801    22    22
  802    35    35
  803    28    28
  804   138   138
  805    49    49
  806    40    40
  807    93    93
  808   133   133
  809   135   135
  810    66    66
  811    49    49
  812   127   127
  813   123   123
  814   117   117
  815    70    70
  816    46    46
  817   105   105
  818    15    15
  819    44    44
  820   123   123
  821    85    85
  822    73    73
  823   118   118
  824    30    30
  825   101   101
  826     4     4
  827    31    31
  828    86    86
  829    32    32
  830    78    78
  831    45    45
  832   133   133
  833    66    66
  834   143   143
  835    95    95
  836   144   144
  837    96    96
  838   119   119
  839   125   125
  840    36    36
  841   127   127
  842    88    88
  843     5     5
  844   108   108
  845   114   114
  846   136   136
  847    29    29
  848   106   106
  849   100   100
  850   112   112
  851    49    49
  852    20    20
  853    87    87
  854   100   100
  855    42    42
  856   118   118
  857    69    69
  858   128   128
  859    66    66
  860    41    41
  861    55    55
  862   122   122
  863    71    71
  864   135   135
  865    19    19
  866   127   127
  867   135   135
  868   142   142
  869    34    34
  870    35    35
  871   136   136
  872    35    35
  873   112   112
  874    88    88
  875    22    22
  876   136   136
  877   131   131
  878    45    45
  879   122   122
  880   140   140
  881    53    53
  882   108   108
  883   132   132
  884    38    38
  885    84    84
  886   131   131
  887   117   117
  888    36    36
  889   101   101
  890    45    45
  891    19    19
  892    16    16
  893   111   111
  894    18    18
  895    74    74
  896    50    50
  897   140   140
  898    45    45
  899     1     1
  900    24    24
  901     2     2
  902   110   110
  903    48    48
  904   117   117
  905     2     2
  906    12    12
  907    22    22
  908    83    83
  909    90    90
  910   148   148
  911    29    29
  912    59    59
  913    11    11
  914    67    67
  915    67    67
  916    59    59
  917   129   129
  918    12    12
  919    88    88
  920   115   115
  921   132   132
  922   111   111
  923   132   132
  924    65    65
  925    21    21
  926   103   103
  927    60    60
  928    85    85
  929     6     6
  930    97    97
  931    75    75
  932    11    11
  933   124   124
  934   125   125
  935   130   130
  936    55    55
  937    55    55
  938    35    35
  939    21    21
  940   112   112
  941    95    95
  942    35    35
  943    18    18
  944    98    98
  945   105   105
  946   128   128
  947   146   146
  948   120   120
  949   134   134
  950    35    35
  951   110   110
  952   112   112
  953    83    83
  954    22    22
  955   144   144
  956     1     1
  957    94    94
  958   148   148
  959    47    47
  960     1     1
  961    93    93
  962    37    37
  963   125   125
  964    40    40
  965    99    99
  966   115   115
  967   149   149
  968    67    67
  969   141   141
  970    60    60
  971    84    84
  972    86    86
  973    74    74
  974    85    85
  975    10    10
  976    28    28
  977    54    54
  978    33    33
  979   139   139
  980    53    53
  981     8     8
  982    22    22
  983    32    32
  984    11    11
  985    54    54
  986   134   134
  987   123   123
  988   116   116
  989    43    43
  990    45    45
  991     6     6
  992    67    67
  993   103   103
  994    61    61
  995    14    14
  996    35    35
  997   102   102
  998   118   118
  999    10    10
 1000    31    31
 1001    14    14
 1002    44    44
 1003   128   128
 1004    66    66
 1005    11    11
 1006    42    42
 1007    65    65
 1008    25    25
 1009    13    13
 1010     1     1
 1011   110   110
 1012   111   111
 1013   139   139
 1014   132   132
 1015    87    87
 1016   106   106
 1017   149   149
 1018    61    61
 1019    26    26
 1020     3     3
 1021    13    13
 1022    77    77
 1023   122   122
 1024    57    57
 1025   148   148
 1026   147   147
 1027   131   131
 1028     4     4
 1029   113   113
 1030    75    75
 1031   105   105
 1032    67    67
 1033    91    91
 1034    23    23
 1035    20    20
 1036   125   125
 1037    83    83
 1038    47    47
 1039    87    87
 1040    57    57
 1041    58    58
 1042   129   129
 1043    14    14
 1044     8     8
 1045   108   108
 1046    59    59
 1047    63    63
 1048   140   140
 1049   121   121
 1050    74    74
 1051    82    82
 1052   149   149
 1053    37    37
 1054    56    56
 1055   124   124
 1056   119   119
 1057    71    71
 1058    67    67
 1059   119   119
 1060   132   132
 1061    29    29
 1062   149   149
 1063    53    53
 1064    51    51
 1065    17    17
 1066   135   135
 1067    99    99
 1068    15    15
 1069   137   137
 1070   134   134
 1071   146   146
 1072   141   141
 1073   100   100
 1074    46    46
 1075    37    37
 1076    97    97
 1077   126   126
 1078    16    16
 1079    40    40
 1080     2     2
 1081     4     4
 1082   141   141
 1083    72    72
 1084   134   134
 1085    70    70
 1086   111   111
 1087    33    33
 1088    35    35
 1089   109   109
 1090    91    91
 1091    87    87
 1092    25    25
 1093    63    63
 1094    38    38
 1095   119   119
 1096    75    75
 1097   113   113
 1098    44    44
 1099    56    56
 1100    97    97
 1101    20    20
 1102    77    77
 1103    34    34
 1104    36    36
 1105    86    86
 1106   106   106
 1107    65    65
 1108    13    13
 1109   127   127
 1110    16    16
 1111   135   135
 1112   115   115
 1113    78    78
 1114   135   135
 1115    24    24
 1116    59    59
 1117    16    16
 1118    76    76
 1119   118   118
 1120    39    39
 1121   126   126
 1122    28    28
 1123   114   114
 1124    79    79
 1125   113   113
 1126    92    92
 1127   125   125
 1128   117   117
 1129    24    24
 1130    30    30
 1131   140   140
 1132   121   121
 1133    53    53
 1134    84    84
 1135    83    83
 1136    56    56
 1137    38    38
 1138   105   105
 1139   129   129
 1140    69    69
 1141    39    39
 1142    46    46
 1143    90    90
 1144    63    63
 1145    58    58
 1146   110   110
 1147   143   143
 1148   108   108
 1149    29    29
 1150   146   146
 1151    94    94
 1152    26    26
 1153    58    58
 1154    96    96
 1155     2     2
 1156   114   114
 1157    88    88
 1158    69    69
 1159    18    18
 1160    95    95
 1161    50    50
 1162    21    21
 1163    36    36
 1164    75    75
 1165   128   128
 1166     9     9
 1167   105   105
 1168    27    27
 1169   115   115
 1170    99    99
 1171    39    39
 1172    24    24
 1173   110   110
 1174    53    53
 1175   127   127
 1176   123   123
 1177    60    60
 1178    11    11
 1179   133   133
 1180    87    87
 1181    81    81
 1182   132   132
 1183    36    36
 1184   146   146
 1185   120   120
 1186    15    15
 1187    13    13
 1188    15    15
 1189   127   127
 1190   122   122
 1191   134   134
 1192    26    26
 1193   135   135
 1194     8     8
 1195    39    39
 1196   117   117
 1197    51    51
 1198    83    83
 1199   145   145
 1200   143   143
 1201   145   145
 1202    48    48
 1203   128   128
 1204   108   108
 1205     4     4
 1206     7     7
 1207   106   106
 1208   143   143
 1209    66    66
 1210    36    36
 1211    59    59
 1212   147   147
 1213   134   134
 1214    88    88
 1215    13    13
 1216    97    97
 1217    89    89
 1218    48    48
 1219   132   132
 1220   110   110
 1221   141   141
 1222   124   124
 1223    65    65
 1224    43    43
 1225    59    59
 1226    81    81
 1227   139   139
 1228   111   111
 1229   134   134
 1230     3     3
 1231   131   131
 1232    28    28
 1233    90    90
 1234    61    61
 1235   102   102
 1236   107   107
 1237    13    13
 1238   104   104
 1239    74    74
 1240    37    37
 1241    74    74
 1242    73    73
 1243    21    21
 1244   136   136
 1245    55    55
 1246    60    60
 1247    63    63
 1248    26    26
 1249    87    87
 1250     7     7
 1251    15    15
 1252   137   137
 1253    24    24
 1254    29    29
 1255    43    43
 1256   139   139
 1257   108   108
 1258    98    98
 1259    77    77
 1260    53    53
 1261   137   137
 1262    56    56
 1263    11    11
 1264     4     4
 1265    36    36
 1266   127   127
 1267    93    93
 1268   121   121
 1269   130   130
 1270    53    53
 1271    91    91
 1272     1     1
 1273    88    88
 1274   136   136
 1275    76    76
 1276     8     8
 1277    65    65
 1278    88    88
 1279    85    85
 1280    40    40
 1281   108   108
 1282    38    38
 1283   140   140
 1284    90    90
 1285   140   140
 1286    75    75
 1287    68    68
 1288   116   116
 1289   137   137
 1290    98    98
 1291   122   122
 1292    97    97
 1293    28    28
 1294    95    95
 1295    88    88
 1296    68    68
 1297    52    52
 1298    39    39
 1299   131   131
 1300   108   108
 1301     2     2
 1302    52    52
 1303    76    76
 1304   121   121
 1305   102   102
 1306    21    21
 1307    99    99
 1308   122   122
 1309    86    86
 1310    80    80
 1311    42    42
 1312   114   114
 1313    46    46
 1314    62    62
 1315     3     3
 1316    91    91
 1317    97    97
 1318    70    70
 1319   141   141
 1320    41    41
 1321   144   144
 1322   100   100
 1323    18    18
 1324    51    51
 1325   112   112
 1326    63    63
 1327    64    64
 1328    83    83
 1329   101   101
 1330   116   116
 1331    90    90
 1332   136   136
 1333    70    70
 1334    75    75
 1335    37    37
 1336    54    54
 1337    19    19
 1338    95    95
 1339    61    61
 1340    30    30
 1341     6     6
 1342    40    40
 1343   122   122
 1344     9     9
 1345    56    56
 1346    72    72
 1347   144   144
 1348    78    78
 1349    16    16
 1350    52    52
 1351    84    84
 1352    63    63
 1353    80    80
 1354    39    39
 1355   108   108
 1356    26    26
 1357    91    91
 1358     9     9
 1359    45    45
 1360    40    40
 1361    29    29
 1362    71    71
 1363    65    65
 1364    96    96
 1365     4     4
 1366    86    86
 1367    14    14
 1368    29    29
 1369    40    40
 1370    13    13
 1371     3     3
 1372    61    61
 1373    19    19
 1374    43    43
 1375    22    22
 1376   104   104
 1377     7     7
 1378    47    47
 1379    31    31
 1380    31    31
 1381   145   145
 1382    75    75
 1383    25    25
 1384    26    26
 1385    98    98
 1386   107   107
 1387    50    50
 1388   108   108
 1389   115   115
 1390    38    38
 1391    57    57
 1392    59    59
 1393   117   117
 1394   123   123
 1395    41    41
 1396    49    49
 1397    74    74
 1398    70    70
 1399    63    63
 1400   127   127
 1401   108   108
 1402   118   118
 1403    79    79
 1404   142   142
 1405    39    39
 1406   146   146
 1407    76    76
 1408   121   121
 1409   102   102
 1410    87    87
 1411    82    82
 1412   104   104
 1413   109   109
 1414    43    43
 1415    81    81
 1416    33    33
 1417    53    53
 1418    69    69
 1419    38    38
 1420    77    77
 1421   144   144
 1422    10    10
 1423    67    67
 1424   134   134
 1425    56    56
 1426    31    31
 1427    72    72
 1428    94    94
 1429   147   147
 1430    18    18
 1431   141   141
 1432    57    57
 1433    51    51
 1434    53    53
 1435    86    86
 1436   123   123
 1437    59    59
 1438   136   136
 1439    48    48
 1440    80    80
 1441   132   132
 1442   117   117
 1443    28    28
 1444    42    42
 1445     1     1
 1446    46    46
 1447   104   104
 1448    82    82
 1449   122   122
 1450    31    31
 1451     3     3
 1452    26    26
 1453    19    19
 1454    92    92
 1455    65    65
 1456    73    73
 1457   111   111
 1458    45    45
 1459   135   135
 1460    89    89
 1461    36    36
 1462   136   136
 1463    33    33
 1464   133   133
 1465    27    27
 1466    27    27
 1467    62    62
 1468   146   146
 1469    16    16
 1470   127   127
 1471   102   102
 1472    21    21
 1473   107   107
 1474    59    59
 1475   121   121
 1476    73    73
 1477   129   129
 1478    68    68
 1479    27    27
 1480    75    75
 1481    83    83
 1482   143   143
 1483    28    28
 1484    88    88
 1485    80    80
 1486    12    12
 1487    25    25
 1488    91    91
 1489   117   117
 1490    83    83
 1491   126   126
 1492   136   136
 1493    14    14
 1494    59    59
 1495     9     9
 1496    74    74
 1497    69    69
 1498     9     9
 1499    73    73
 1500   124   124
 1501   105   105
 1502    31    31
 1503   135   135
 1504    10    10
 1505    67    67
 1506    15    15
 1507   103   103
 1508   127   127
 1509   111   111
 1510     5     5
 1511    60    60
 1512    36    36
 1513    56    56
 1514     1     1
 1515    49    49
 1516   115   115
 1517   149   149
 1518    64    64
 1519   101   101
 1520   120   120
 1521    82    82
 1522    48    48
 1523     3     3
 1524    95    95
 1525   102   102
 1526    27    27
 1527     3     3
 1528    47    47
 1529   146   146
 1530   139   139
 1531    79    79
 1532     3     3
 1533    12    12
 1534    17    17
 1535    76    76
 1536   129   129
 1537    57    57
 1538    30    30
 1539   128   128
 1540     4     4
 1541     6     6
 1542    48    48
 1543    40    40
 1544     9     9
 1545    69    69
 1546   118   118
 1547    16    16
 1548    39    39
 1549   112   112
 1550    85    85
 1551   127   127
 1552    40    40
 1553   117   117
 1554   100   100
 1555    91    91
 1556    40    40
 1557     3     3
 1558    23    23
 1559    64    64
 1560    90    90
 1561    64    64
 1562    86    86
 1563    92    92
 1564    59    59
 1565    37    37
 1566     3     3
 1567    84    84
 1568    79    79
 1569   118   118
 1570   134   134
 1571    35    35
 1572    58    58
 1573    86    86
 1574   148   148
 1575   100   100
 1576    30    30
 1577    42    42
 1578    90    90
 1579    46    46
 1580    71    71
 1581   148   148
 1582   124   124
 1583     7     7
 1584   101   101
 1585    80    80
 1586     2     2
 1587   143   143
 1588   131   131
 1589    85    85
 1590    88    88
 1591    93    93
 1592     5     5
 1593    22    22
 1594    31    31
 1595   145   145
 1596    42    42
 1597     9     9
 1598    56    56
 1599    66    66
 1600    34    34
 1601    54    54
 1602    58    58
 1603    71    71
 1604   149   149
 1605    70    70
 1606    25    25
 1607    32    32
 1608   120   120
 1609     6     6
 1610   131   131
 1611   100   100
 1612    92    92
 1613    15    15
 1614    41    41
 1615   104   104
 1616    86    86
 1617   103   103
 1618     1     1
 1619   118   118
 1620    72    72
 1621   100   100
 1622    54    54
 1623    38    38
 1624   103   103
 1625    84    84
 1626   120   120
 1627    21    21
 1628   102   102
 1629   115   115
 1630    84    84
 1631   142   142
 1632    70    70
 1633   128   128
 1634    48    48
 1635     6     6
 1636     6     6
 1637    12    12
 1638    92    92
 1639    14    14
 1640    41    41
 1641    36    36
 1642    24    24
 1643    85    85
 1644   128   128
 1645    54    54
 1646    58    58
 1647    90    90
 1648   120   120
 1649    68    68
 1650    53    53
 1651   133   133
 1652    62    62
 1653   134   134
 1654    61    61
 1655    36    36
 1656    81    81
 1657    77    77
 1658    45    45
 1659    55    55
 1660    25    25
 1661   113   113
 1662    99    99
 1663   104   104
 1664    40    40
 1665   124   124
 1666   122   122
 1667    82    82
 1668    92    92
 1669    43    43
 1670    27    27
 1671   138   138
 1672    76    76
 1673   145   145
 1674    36    36
 1675   126   126
 1676    43    43
 1677    66    66
 1678   125   125
 1679    40    40
 1680    80    80
 1681    44    44
 1682    16    16
 1683    15    15
 1684    84    84
 1685    48    48
 1686    26    26
 1687    99    99
 1688   122   122
 1689    14    14
 1690    12    12
 1691    72    72
 1692    28    28
 1693    95    95
 1694   144   144
 1695   105   105
 1696   124   124
 1697    88    88
 1698    47    47
 1699    34    34
 1700    55    55
 1701   127   127
 1702    54    54
 1703   130   130
 1704   115   115
 1705    16    16
 1706    27    27
 1707    30    30
 1708    72    72
 1709    86    86
 1710   120   120
 1711   115   115
 1712    45    45
 1713   131   131
 1714   129   129
 1715     9     9
 1716    51    51
 1717    36    36
 1718   140   140
 1719     5     5
 1720    26    26
 1721   134   134
 1722    74    74
 1723    74    74
 1724    53    53
 1725    46    46
 1726    66    66
 1727   128   128
 1728   108   108
 1729   135   135
 1730    43    43
 1731     9     9
 1732    11    11
 1733    15    15
 1734    80    80
 1735    68    68
 1736    99    99
 1737   145   145
 1738   112   112
 1739   118   118
 1740    20    20
 1741   138   138
 1742    80    80
 1743   145   145
 1744    98    98
 1745    83    83
 1746     1     1
 1747   132   132
 1748    45    45
 1749    98    98
 1750   117   117
 1751    89    89
 1752    94    94
 1753    71    71
1575000
