197
    1    33    32
    2    23    26
    3    40    36
    4    15    11
    5    20    18
    6    42    40
    7    22    23
    8     1     4
    9    30    27
   10    42    42
   11    26    22
   12     4     7
   13    37    34
   14     9    10
   15    29    27
   16    17    13
   17     3     7
   18    30    34
   19    42    41
   20     9    12
   21    32    31
   22    20    20
   23    13    10
   24    32    29
   25    28    27
   26    27    30
   27    23    20
   28    35    38
   29    28    32
   30    38    39
   31    10    12
   32    19    22
   33     5     8
   34     2     5
   35    20    20
   36    34    37
   37    23    24
   38    14    11
   39    44    42
   40     7     3
   41     8     9
   42    36    36
   43    35    34
   44    42    38
   45     6     3
   46    45    41
   47     8     4
   48    10    14
   49    25    25
   50    15    12
   51    11     7
   52    13    10
   53     5     5
   54    24    24
   55    37    37
   56    40    40
   57    38    35
   58    42    39
   59    16    16
   60    20    16
   61    20    21
   62    27    27
   63    21    18
   64     5     7
   65     4     2
   66    38    42
   67    21    17
   68    17    21
   69    31    32
   70    26    26
   71    36    32
   72     8     4
   73     7     4
   74    37    39
   75    38    40
   76    19    17
   77    18    17
   78    34    37
   79    14    17
   80    22    19
   81    20    20
   82    13    16
   83    34    31
   84    23    24
   85    14    16
   86    33    32
   87    20    20
   88     1     2
   89    10     6
   90     9    11
   91    33    35
   92    10    11
   93     6     5
   94    32    28
   95     5     8
   96     4     1
   97    29    29
   98    39    35
   99    28    32
  100    41    42
  101    13    17
  102    26    26
  103    33    34
  104    18    14
  105     4     7
  106    18    18
  107    25    25
  108     6     5
  109    37    35
  110     1     3
  111    21    25
  112    43    41
  113    23    19
  114    16    19
  115    14    17
  116    10     9
  117    21    21
  118    39    41
  119    10     7
  120    25    21
  121     1     2
  122     9     5
  123     6     2
  124    29    33
  125    29    31
  126    19    23
  127     1     2
  128    37    38
  129    39    35
  130    31    29
  131    10    12
  132    11    13
  133     1     1
  134    19    22
  135    28    29
  136    28    30
  137     5     5
  138     1     3
  139    26    24
  140    11    12
  141    34    31
  142     6     5
  143    11    15
  144    24    27
  145    40    37
  146    26    24
  147    36    40
  148    34    35
  149    36    39
  150    10    14
  151    37    41
  152    21    23
  153    30    34
  154    27    30
  155    39    42
  156    28    30
  157    28    24
  158    37    33
  159    15    12
  160    24    25
  161    15    19
  162     9     5
  163    25    26
  164    17    16
  165    34    33
  166    39    36
  167    28    31
  168    21    20
  169    23    20
  170     7     5
  171    18    15
  172    13    12
  173    16    13
  174    30    32
  175    35    31
  176    15    13
  177    22    22
  178    11    11
  179    16    16
  180    35    38
  181    35    37
  182    15    15
  183    24    22
  184    23    20
  185     1     3
  186    40    39
  187    20    22
  188     7     9
  189    15    16
  190    40    37
  191    10    12
  192    28    29
  193    32    36
  194    12    10
  195     8    11
  196     5     2
  197    31    32
21480
