2051
    1    40    16
    2   146    48
    3    32   151
    4    91    47
    5   128    10
    6   132    12
    7    10   150
    8    50   111
    9   137    84
   10    70    76
   11     8    35
   12    99   106
   13    43    60
   14    19    53
   15   133   123
   16   121    17
   17    60    64
   18   101    41
   19     1    77
   20    94   107
   21    88   105
   22   100    29
   23   161    75
   24   107    83
   25   140   153
   26   144   110
   27   105    94
   28   149    59
   29    65    47
   30     2    78
   31    91   104
   32    60     5
   33    52   147
   34    31   106
   35   134    71
   36   110   137
   37   108   142
   38   126   124
   39   124    59
   40   154    24
   41    89    58
   42   107    98
   43   141    97
   44   125   145
   45   141   115
   46   121    85
   47     4   139
   48   132   159
   49   145   129
   50   125   161
   51    91    77
   52   160    54
   53   161    58
   54    95    22
   55    57   103
   56    38    42
   57   105    11
   58    53    18
   59    58   126
   60     7    50
   61   138    79
   62   118    81
   63    17    35
   64     5   107
   65   124    15
   66    68    51
   67   150    95
   68    73    28
   69    84    60
   70   158    88
   71    85    31
   72    80   144
   73   126    46
   74    17    37
   75    23   163
   76   139    85
   77    86    94
   78    26   122
   79    53    91
   80    48   109
   81   105    99
   82    50    11
   83   109    38
   84   110    43
   85    92   128
   86   153    79
   87    56   136
   88   106   115
   89   102    39
   90   162     5
   91   142    91
   92    16   133
   93    82    95
   94   141   108
   95    59   151
   96    34    43
   97   104    80
   98     3     5
   99   102    78
  100    96    81
  101    40     5
  102   125    95
  103   109     7
  104   127     2
  105    97    11
  106    86   156
  107   154    82
  108    77   128
  109    68    78
  110   163    61
  111   101    78
  112   162    42
  113    48    53
  114    67    25
  115   129    61
  116   156    95
  117    11   157
  118     1    61
  119   154     7
  120    44    99
  121   144   147
  122   101    52
  123    87    12
  124   130    37
  125   117    15
  126    31    46
  127   133     5
  128     7   150
  129   118    48
  130    32    60
  131    87   138
  132    31    89
  133    89    88
  134    33    95
  135   138    77
  136    72    49
  137   118    57
  138   132     1
  139    80    88
  140   122   142
  141    47    19
  142    44    85
  143   126   131
  144   118   104
  145   137   100
  146    85   125
  147    26    14
  148   110    94
  149   135    88
  150   151    48
  151    62    64
  152    80    95
  153    97    82
  154   143   129
  155     6    17
  156   126    44
  157   156    32
  158   108   116
  159    97    92
  160    11    81
  161   135   119
  162   111    70
  163    80   105
  164    88   113
  165    55   147
  166    67    63
  167    98    73
  168    42    92
  169    17   144
  170   158    68
  171    19    39
  172   106   121
  173    37   141
  174   140    32
  175    68   131
  176    14    63
  177   101    39
  178    35   163
  179     2   136
  180   145   113
  181    72   150
  182    76   129
  183    24   125
  184    95     2
  185   135    95
  186    19    67
  187    19    23
  188    73    22
  189   117   109
  190   133    38
  191    27    80
  192   161   141
  193   101   101
  194   128    56
  195   142   107
  196    41     1
  197   148    22
  198   132    87
  199    59    73
  200   100    81
  201    99   105
  202    80     6
  203   126    23
  204    95   120
  205    48    97
  206    99    37
  207    50   113
  208     6   156
  209   153   157
  210   142    19
  211   134    98
  212    71    46
  213   112    87
  214   141     2
  215     9   161
  216   126    73
  217     9   112
  218    18    68
  219   129   103
  220    49   159
  221    35    83
  222   158    75
  223    98    24
  224   133    39
  225   102    40
  226   151    20
  227     4   104
  228   157   115
  229     4   145
  230    51   108
  231    72    53
  232    44   129
  233    23    26
  234   104    57
  235   104   108
  236    93   129
  237    57    94
  238   103    41
  239    75    16
  240   159    96
  241   143    59
  242   106     4
  243    80    33
  244   104    56
  245   122    17
  246    40   134
  247   121   129
  248    57    89
  249     9    62
  250    45    85
  251    40    20
  252    42   104
  253     7   161
  254    93   111
  255   139    32
  256   133    37
  257   153     9
  258     3   159
  259    48   142
  260    30   137
  261    89   157
  262   148    23
  263   161   146
  264   105   151
  265   150    48
  266   117    71
  267    10    60
  268    43    29
  269    39    85
  270    47   157
  271   131    39
  272   101    58
  273    84   105
  274    23    30
  275    96   138
  276   136    79
  277    27   105
  278   130    71
  279    13   105
  280    43   154
  281   141    41
  282   151    81
  283   159    23
  284   133   129
  285    76    59
  286    68   127
  287   125     7
  288    88    12
  289    70   147
  290    84   158
  291   139    95
  292   102   115
  293    45    46
  294    83    85
  295    12   102
  296   133   114
  297    15    46
  298   148   151
  299    24   147
  300   113   123
  301    72    97
  302    66    81
  303   115   141
  304   149   151
  305    83   105
  306    69    88
  307     2    95
  308   149   140
  309   123    15
  310    28   126
  311   123    62
  312    64    86
  313    64    65
  314    64    68
  315   145    21
  316    79    83
  317    44    26
  318    97    83
  319   143   143
  320   107     8
  321    96   121
  322   153    40
  323   119    71
  324   121    67
  325    88    25
  326   156    46
  327   119   139
  328   158    82
  329    15    46
  330   116   127
  331   149   118
  332     8   112
  333    60    33
  334   147    61
  335    85   142
  336   155   127
  337    15   149
  338    62   135
  339   112     8
  340    87    41
  341   114   114
  342    59    55
  343   102   123
  344    23    69
  345    55    12
  346    58    44
  347   129   162
  348    79    73
  349     4    73
  350    32    68
  351   100    91
  352   157    48
  353    88    14
  354   144    25
  355    15    30
  356    99    97
  357    78    98
  358    59   118
  359    27    85
  360    73    30
  361    65    82
  362   137   159
  363    74     4
  364   101    11
  365   162   128
  366   149    12
  367   102    32
  368    52    29
  369    90    35
  370    44   115
  371    59    58
  372   109   142
  373    72   130
  374   163   102
  375   147   122
  376    75    81
  377    49    33
  378    34    12
  379    12    30
  380    16     1
  381   151    78
  382    51   122
  383   149   102
  384   146    19
  385    82    59
  386    97   147
  387    70   149
  388   114    43
  389    74    27
  390     8   127
  391    49    34
  392    76   152
  393   152   156
  394    94    75
  395    73    12
  396   128   160
  397    72    36
  398    19    26
  399   128    81
  400   100    76
  401    32    84
  402    88    80
  403   153   162
  404   143    97
  405    24    24
  406    33    27
  407   120    92
  408    29    42
  409    62   136
  410   134    44
  411    22   135
  412   131    67
  413    54   145
  414   134    69
  415   147   137
  416    56   141
  417    86   141
  418    22    44
  419   104    40
  420    93    27
  421   137     2
  422    36    39
  423    28   125
  424   125   125
  425   128    34
  426    88    58
  427   156    24
  428   115   129
  429    94    10
  430   151   156
  431     2    42
  432    35    45
  433     5    50
  434    17    52
  435    61     6
  436     7   145
  437    65   160
  438    10    76
  439   115     9
  440    57    59
  441   159     7
  442     3    63
  443   162    13
  444    11    89
  445    29    33
  446   154   143
  447     7     3
  448   147   121
  449   111   130
  450    32   126
  451    64   161
  452    62   143
  453   141   153
  454    78    68
  455    57    29
  456    37    96
  457    10    73
  458    66   152
  459   111   157
  460   145   122
  461    80   155
  462     7   117
  463    75    94
  464   102   147
  465   129    84
  466     2   162
  467    56     4
  468   139     3
  469    66    24
  470   145   148
  471    68    37
  472   116    21
  473   151   160
  474    15   159
  475   112   113
  476    58   150
  477    24   125
  478    65   145
  479    55     6
  480    38    50
  481    92   149
  482    65    24
  483   126    99
  484    26   113
  485    67   110
  486    83    91
  487    19   113
  488   141    76
  489    56   127
  490    61    31
  491     3   121
  492   115    84
  493    16   154
  494    19   149
  495   125    29
  496    36    18
  497     7    69
  498    50    88
  499   101   130
  500   110    53
  501    89    69
  502   142    85
  503    20    44
  504   118    96
  505    10    49
  506    84    59
  507    88   150
  508    23    78
  509   152    86
  510    56    14
  511   146   148
  512   140   159
  513    28    76
  514    98    60
  515   121     7
  516    78    34
  517    40    54
  518   131   100
  519   111    20
  520   157    29
  521    95   159
  522    83    98
  523    61    44
  524    68    35
  525    90   127
  526   128    29
  527    64     8
  528   156    47
  529     5    39
  530   133    50
  531   162   125
  532   137    44
  533    84    89
  534    58    56
  535   116     3
  536    71    34
  537   163   155
  538   109    62
  539   125   161
  540    58    93
  541    91    54
  542   112    19
  543     6    86
  544    61    70
  545    92    43
  546     3   106
  547    48    95
  548    34    56
  549   142   162
  550    40    45
  551   102    98
  552    38    62
  553   105     1
  554    80    26
  555   125     6
  556    89   123
  557   108     2
  558    36    62
  559    92    87
  560   136   135
  561    66   146
  562   111   129
  563    37   112
  564     7   160
  565   149    21
  566   128    13
  567   160   110
  568   143    34
  569    68   129
  570    33   126
  571   106   154
  572   100   100
  573   127   111
  574   120    47
  575   163    90
  576    98    87
  577    95    22
  578   126    44
  579    74   159
  580    16    59
  581    80    83
  582    98    82
  583   146   156
  584    53   163
  585   134   116
  586    23   142
  587   161     7
  588     6    64
  589   132    11
  590    40    94
  591     9    29
  592    26   162
  593    49     5
  594    59   160
  595    40    67
  596    85    69
  597   108   107
  598    15    29
  599     7   137
  600   101    93
  601     6   148
  602    70   105
  603    80    34
  604    62    45
  605   159    25
  606     2    72
  607    25    22
  608    70    19
  609   156    50
  610    15    14
  611   100   159
  612   146    45
  613   149   147
  614   144    66
  615   112    36
  616    83   125
  617    84    14
  618    39   134
  619   118    47
  620    82    63
  621    31    50
  622    86    31
  623   151    52
  624    77   139
  625    33   105
  626     8    25
  627   160    17
  628    84    67
  629    56    28
  630    71   132
  631    73    56
  632   112   106
  633    72    25
  634    51     7
  635    23    76
  636   143   100
  637   162   146
  638    49    92
  639   126   140
  640   126    78
  641   123    78
  642   112    81
  643    32    68
  644   132    26
  645    43    91
  646   134    87
  647    23    56
  648    37    96
  649   139    47
  650   118     9
  651    36   115
  652    99    73
  653    91   138
  654   110   136
  655    48   124
  656   108    66
  657   109    89
  658   118    37
  659    58    34
  660    53    53
  661   122    79
  662   145     8
  663   123    88
  664   121    61
  665    78   126
  666    40   158
  667    19     4
  668   162   130
  669    16    59
  670    44   140
  671   123    95
  672   147    72
  673   112    80
  674   145   151
  675    64    58
  676    37    13
  677    42   155
  678    55   115
  679   124   137
  680     9   136
  681   158   122
  682   125    17
  683   120    56
  684   109   121
  685   158    80
  686     5   124
  687   120    44
  688    10   130
  689   117    41
  690   127   118
  691   145    79
  692   147    92
  693    93    39
  694    92    48
  695   120   135
  696    49   148
  697   105    88
  698   153    56
  699    46   100
  700    40   117
  701    39   145
  702   102   117
  703   125     9
  704    42    11
  705    30   146
  706    18    72
  707   147   160
  708    91    64
  709    40    42
  710    24    69
  711   145    42
  712   127    96
  713    12    95
  714   156    89
  715    40    38
  716   151   141
  717    56    69
  718    56   128
  719    31   159
  720    58    85
  721    25   147
  722    48    78
  723    57    14
  724    83    23
  725   150   154
  726    74     8
  727   107    41
  728    38    24
  729    43    43
  730   115    54
  731    96    33
  732     6    87
  733    59   142
  734    45    50
  735    73    70
  736    91    78
  737    53    74
  738    73    15
  739    67    89
  740    82   106
  741   152    84
  742    61    78
  743    79   101
  744   102    24
  745   136    33
  746    50    24
  747   122    14
  748    71    82
  749   136   140
  750   150    71
  751   129   112
  752    55     7
  753   110    43
  754   136   141
  755    16    95
  756    23    57
  757   156   153
  758    75   124
  759   131   136
  760    69   131
  761    78    60
  762   137     2
  763   133   107
  764   122   121
  765    11    48
  766   147    37
  767   155   137
  768    76   133
  769    81    74
  770   116   138
  771   162   116
  772     4    27
  773    29   135
  774     6   100
  775     2   143
  776   126    31
  777     7    13
  778     8    57
  779   163    57
  780    54   129
  781    64    51
  782    87    45
  783   108   150
  784    70     8
  785   117    36
  786    69   117
  787    65     7
  788    21     5
  789    87    51
  790    70    82
  791    47   139
  792   120   130
  793   132    37
  794   116   157
  795    63    61
  796    64    45
  797    97    20
  798    13    64
  799   138    45
  800    40   118
  801    11    28
  802    90    97
  803    42    96
  804    31    21
  805    63    70
  806   141   160
  807   110   121
  808     8    73
  809    89   143
  810   152   158
  811    38   107
  812   107   108
  813    43    66
  814    70     9
  815    62    48
  816    56    65
  817    68    43
  818   108   155
  819   152    43
  820    52   146
  821    53    75
  822    37    96
  823    78    35
  824   154    69
  825   112    39
  826    44    60
  827    38    72
  828    98   132
  829   147   124
  830   108    86
  831    33     1
  832    99     7
  833    61    53
  834   150   108
  835     6    49
  836    95   142
  837     4   126
  838   142    36
  839    83   161
  840    11    88
  841    35   156
  842   134   120
  843    60    15
  844    10   114
  845    47   107
  846    46   158
  847    46   125
  848    88   136
  849    62    77
  850    29   112
  851    14   133
  852    19   100
  853    48   140
  854     2    17
  855    39    27
  856   131    97
  857    91    61
  858    75    19
  859    91    16
  860    27   154
  861    90    18
  862    42   117
  863    45    89
  864    19    93
  865   160    96
  866    67    54
  867   106    75
  868    50    94
  869   126     5
  870    66     3
  871    94    80
  872    96    72
  873   140     6
  874    84   101
  875   103   123
  876    84   122
  877    11   119
  878    90    99
  879   157    23
  880   143    61
  881   151    27
  882    66   124
  883    31    28
  884     4   148
  885    23   148
  886    77    56
  887   141   123
  888     9    86
  889    76    17
  890    19    21
  891   128   117
  892    76   101
  893    26   150
  894    51   157
  895   101    33
  896    27   126
  897   130     1
  898    23   130
  899   132   114
  900   162     7
  901   115    19
  902    26   149
  903   144     5
  904    38    88
  905   163   152
  906    28    23
  907    64     2
  908    86    93
  909   115    22
  910    31    89
  911   156    71
  912   127    94
  913   147    62
  914    71    97
  915    54   146
  916     6    18
  917   162    58
  918    51   150
  919   137    72
  920    25    41
  921    83    50
  922   132    29
  923    67    76
  924   137   141
  925   139   133
  926   160    37
  927   143    13
  928    10    47
  929    30     8
  930   113    94
  931    51    19
  932    74    85
  933    44    30
  934   131   145
  935   120    12
  936    72    38
  937    50   153
  938   152   122
  939   152    56
  940   149    37
  941     3    44
  942     8    17
  943    34   125
  944   152    15
  945   159   115
  946    94    49
  947   118   118
  948   150    89
  949   137    19
  950    93   105
  951   111    23
  952    16   106
  953    14    76
  954    15    32
  955   156   130
  956    20    66
  957    51     3
  958    55    69
  959   101   136
  960   118    22
  961   101   159
  962   134    96
  963    77    20
  964     9    55
  965    70   153
  966     7   154
  967   142   133
  968    90   155
  969   131    86
  970    41    78
  971    59    40
  972   110   149
  973   153   142
  974   153   107
  975   117    46
  976   142    14
  977    96    92
  978   140   100
  979   116   107
  980    12    82
  981    30    91
  982    48   112
  983     5    17
  984    22    72
  985   143    28
  986    51   130
  987   111    31
  988    62   155
  989    39    71
  990    33    16
  991   114    61
  992    34    70
  993    27    88
  994    70   118
  995    48    71
  996     7    40
  997   151     3
  998    26    42
  999    87    29
 1000   155    68
 1001   135    73
 1002    47    25
 1003   112    51
 1004    19   105
 1005   144    12
 1006   127     1
 1007    73     4
 1008   108   100
 1009    48    47
 1010    54    37
 1011    57    32
 1012   121   122
 1013   123    47
 1014   120   132
 1015    16   109
 1016   103   150
 1017     9   102
 1018    31   129
 1019    66   157
 1020   124    78
 1021   101   137
 1022   117    39
 1023    17    89
 1024    56    43
 1025   128     1
 1026   154    90
 1027   138   146
 1028   144    89
 1029    80    46
 1030   105   109
 1031    96    30
 1032   108    35
 1033    32    45
 1034     2   120
 1035    18     2
 1036   108    59
 1037    15   148
 1038    20    79
 1039    21    68
 1040   152    96
 1041   160    82
 1042   101   150
 1043    29    98
 1044    52    21
 1045    62    16
 1046    81     8
 1047    49    49
 1048    86    49
 1049   101   125
 1050    10    46
 1051    41   110
 1052   125    19
 1053   121    88
 1054    81    61
 1055    64   108
 1056    12    39
 1057    40    50
 1058    62    27
 1059    71    69
 1060     3   131
 1061    85   142
 1062    20    96
 1063    48    54
 1064   121    47
 1065     9   127
 1066    44    75
 1067    60    30
 1068   122   159
 1069   133    77
 1070    89     3
 1071    65    16
 1072    58    39
 1073    12   101
 1074    49   162
 1075    56     4
 1076   117    22
 1077   145   107
 1078    97   137
 1079   127    51
 1080     6   139
 1081    76    85
 1082    92    89
 1083    83    84
 1084    56    54
 1085   147   120
 1086    27    83
 1087    65    95
 1088   147    88
 1089    48    34
 1090    42   139
 1091    35   108
 1092    47    67
 1093    56   149
 1094    78   147
 1095    93    53
 1096    41    92
 1097    19   135
 1098    50    51
 1099   135   114
 1100   124    99
 1101   125   117
 1102   112    77
 1103   162    23
 1104   145   102
 1105   107   151
 1106    27    45
 1107    87   130
 1108    28    13
 1109   158   119
 1110   109   134
 1111    28    55
 1112    47   105
 1113   102    82
 1114    29    19
 1115   127   100
 1116   146    75
 1117    98   162
 1118    28    90
 1119   149    91
 1120    10    15
 1121   100    35
 1122    66    88
 1123   112    62
 1124   127   146
 1125    34    67
 1126   108    90
 1127   136    59
 1128    27    63
 1129   118   122
 1130    82   121
 1131    98    94
 1132   109    48
 1133    72    77
 1134    60    71
 1135   142    27
 1136    69     1
 1137   141    72
 1138   105    54
 1139    88    40
 1140    16   117
 1141   106    29
 1142   105     6
 1143    28   116
 1144    89   124
 1145    22    28
 1146    97   163
 1147    51    16
 1148    42   156
 1149   140   111
 1150    25    62
 1151    68    14
 1152   128   142
 1153     6    78
 1154    12    72
 1155   129    12
 1156    72   121
 1157    53   142
 1158   109    82
 1159   136   103
 1160   151    53
 1161   156    43
 1162    57    32
 1163    21    35
 1164    27   159
 1165    27    87
 1166    83    22
 1167    20    93
 1168    78     8
 1169   136    77
 1170    29    56
 1171    70    45
 1172    85     4
 1173    12    65
 1174   121   124
 1175    44   127
 1176   101   124
 1177   116   133
 1178    45    58
 1179   102    10
 1180    88   102
 1181    50    15
 1182   130    98
 1183     3    81
 1184   109   123
 1185    78     9
 1186     4    13
 1187   149    69
 1188    97   141
 1189    61    95
 1190    28    34
 1191    14    66
 1192    29   104
 1193   120    60
 1194   135   120
 1195   109   126
 1196    34   152
 1197    41    60
 1198   135   129
 1199   151    18
 1200   124    20
 1201   127    15
 1202   103    38
 1203    99    21
 1204    94   114
 1205   101    63
 1206   109   134
 1207   128   139
 1208   152   144
 1209    41   110
 1210    79   155
 1211   125     9
 1212   101    99
 1213   151   162
 1214    82   149
 1215   111   134
 1216    74   120
 1217    10    15
 1218     6    74
 1219   108    56
 1220    74   146
 1221     6    75
 1222    45    51
 1223   150   143
 1224    61    52
 1225    31    29
 1226   147    62
 1227    77    20
 1228    20    27
 1229    69   114
 1230    23   141
 1231   110   129
 1232    95   159
 1233   156    72
 1234    55   147
 1235    78    42
 1236    37    99
 1237    48   100
 1238   122    49
 1239   159    55
 1240    28   140
 1241    32   134
 1242     6   137
 1243    16    85
 1244    66   107
 1245    45   140
 1246     6    76
 1247   107    62
 1248   140   154
 1249    51    66
 1250    20   145
 1251   107    64
 1252    36   147
 1253   154    19
 1254   114   122
 1255     5   146
 1256    15    21
 1257   115    99
 1258    35    88
 1259    25   126
 1260   144   138
 1261   103    93
 1262   103   120
 1263    82    31
 1264     3   139
 1265   143    15
 1266   126    88
 1267   159   101
 1268    97   148
 1269    29    75
 1270   104    89
 1271    16   140
 1272    16    80
 1273    39   110
 1274    48     5
 1275    96    86
 1276   150    29
 1277   151   156
 1278    41   145
 1279    79    95
 1280   135    53
 1281   143   130
 1282    50     1
 1283    42    60
 1284   120    69
 1285    24   151
 1286   119   134
 1287   120     8
 1288    38   114
 1289    37   157
 1290    32    49
 1291   139   114
 1292    62   121
 1293    82    50
 1294   105   105
 1295    63    11
 1296    25    55
 1297   161    78
 1298    70   140
 1299     4   106
 1300   116   157
 1301   158   134
 1302    55    53
 1303    57   121
 1304    13    18
 1305   108     6
 1306   155    70
 1307    40   103
 1308     7    58
 1309    46   126
 1310   119   131
 1311   109   157
 1312   106    97
 1313    18    22
 1314    46    18
 1315   126    58
 1316    88    70
 1317   144     1
 1318    22    98
 1319    31   153
 1320    42   127
 1321   131   103
 1322   108   135
 1323    32    66
 1324    40    90
 1325   118    86
 1326    72   112
 1327   149    80
 1328   107    57
 1329    79     2
 1330    44   111
 1331     5   154
 1332    36    97
 1333   135    46
 1334   156    95
 1335   123   143
 1336   119   110
 1337   111   146
 1338   138    55
 1339    33    69
 1340    67   107
 1341    34    97
 1342     4    25
 1343    23   136
 1344   152   105
 1345    91   129
 1346    66    57
 1347    74    96
 1348    61    71
 1349    13    87
 1350   117     5
 1351    16   107
 1352    15   149
 1353   125   110
 1354    94   163
 1355    32    81
 1356   140    26
 1357   120    65
 1358    17    88
 1359    10   162
 1360   152   141
 1361   135    91
 1362   144    72
 1363    75     4
 1364   142   106
 1365   130     7
 1366    41   157
 1367   161    41
 1368    44   139
 1369    58    81
 1370    75    11
 1371   155    11
 1372    44    27
 1373    48    15
 1374   140   137
 1375    80    28
 1376    89    97
 1377     3    44
 1378   125    71
 1379   113    24
 1380   142   109
 1381   131    16
 1382    46    37
 1383   155   162
 1384    93   108
 1385    64   118
 1386    39   141
 1387    42   103
 1388    74   117
 1389     7    81
 1390   100    78
 1391   149    31
 1392   140    86
 1393     8    97
 1394    46    61
 1395    11    51
 1396   108    38
 1397    99   137
 1398    61   135
 1399    77    41
 1400   108    28
 1401   142   108
 1402    42    65
 1403    46    21
 1404   160   159
 1405    49    56
 1406    34    82
 1407    87    15
 1408   145   102
 1409    74    32
 1410    65    36
 1411   153    61
 1412   117    61
 1413   133   142
 1414    25    82
 1415    67    66
 1416    98   160
 1417    84    25
 1418    69    29
 1419    89    62
 1420   150   153
 1421   112    73
 1422    22    72
 1423    44    69
 1424    11    66
 1425    64    13
 1426    43   102
 1427    67   105
 1428    35   129
 1429   116   111
 1430   121   124
 1431    96   130
 1432    80    48
 1433    64   139
 1434   140    53
 1435   115    63
 1436    64   144
 1437    54   107
 1438   140    55
 1439    55    38
 1440    19    96
 1441    16   149
 1442    32    73
 1443    92    34
 1444   163    31
 1445    85   156
 1446    57   100
 1447   163   107
 1448    97    35
 1449    33     4
 1450    47   163
 1451    37    92
 1452   103    79
 1453   105    76
 1454    80    90
 1455    57   155
 1456   142    70
 1457    78     1
 1458    36   137
 1459    89   124
 1460    71   101
 1461   126     7
 1462     1     9
 1463    52   134
 1464   142   112
 1465    13   134
 1466   157   122
 1467    18   141
 1468   161    62
 1469    13   123
 1470    88    14
 1471    72   109
 1472    84    88
 1473    56   143
 1474    46   130
 1475   161    87
 1476   119   137
 1477   132   139
 1478   104   137
 1479   138   163
 1480    38   136
 1481    10    44
 1482   105   112
 1483   112    91
 1484   156    22
 1485    40   104
 1486   151    91
 1487    83    51
 1488    73   134
 1489    17    39
 1490    19   103
 1491    59    39
 1492   117    12
 1493   127    64
 1494    20    57
 1495    45    67
 1496   151    68
 1497   104   132
 1498   129    50
 1499   138     6
 1500    39   138
 1501   135   118
 1502    36   154
 1503   148   150
 1504   116    62
 1505    60   108
 1506    73    80
 1507   145    83
 1508    78    59
 1509     1   161
 1510    80   152
 1511    78   156
 1512   138   140
 1513    57    91
 1514   143    16
 1515   134   146
 1516   131    60
 1517    62    60
 1518    23   157
 1519   113    61
 1520   125    94
 1521   100    56
 1522   132    45
 1523    26   158
 1524    71    88
 1525   111    71
 1526    75    13
 1527   151    48
 1528    19    88
 1529    76   134
 1530   105    32
 1531    34   128
 1532   163   159
 1533    72   127
 1534    86   137
 1535   115    50
 1536    17   148
 1537   161   126
 1538    39    94
 1539    25   140
 1540   106   115
 1541   154   152
 1542    44    20
 1543    28   111
 1544    77    93
 1545    53    76
 1546   135    53
 1547   149   115
 1548    38    62
 1549   154    43
 1550   153   147
 1551    13    39
 1552   115   102
 1553    19   103
 1554    62    90
 1555   132   140
 1556   153   145
 1557    72   160
 1558   160   113
 1559    10   125
 1560    88    35
 1561    86    60
 1562    40     7
 1563   147    57
 1564    88   147
 1565   121    43
 1566   104    60
 1567   113   111
 1568    48    10
 1569    55    95
 1570   125   114
 1571    77   163
 1572    49    71
 1573   139    75
 1574    48    19
 1575    42    55
 1576    14   124
 1577    67    96
 1578   114   119
 1579   159    23
 1580   157   144
 1581    37   150
 1582    81    16
 1583   162   137
 1584    43    66
 1585    25    95
 1586    70   135
 1587    68    72
 1588   143    31
 1589     5    41
 1590    41    32
 1591    11    38
 1592    90   145
 1593    43    66
 1594     4   151
 1595   162   141
 1596    66   115
 1597    73    53
 1598    94    45
 1599    77   138
 1600   163    13
 1601   140   154
 1602    16   117
 1603   112    21
 1604   102    17
 1605   128    91
 1606    76    62
 1607    86   127
 1608    70     4
 1609   161   103
 1610     7    41
 1611    74    69
 1612    64   120
 1613    72   116
 1614    25   102
 1615    16   153
 1616    40    42
 1617    95     2
 1618   101   105
 1619   112   126
 1620    29    44
 1621    21    42
 1622    28   123
 1623    26   149
 1624   120    72
 1625   139   106
 1626   146    52
 1627    59    85
 1628    72     9
 1629   137    67
 1630    81   119
 1631   137   156
 1632   114    31
 1633   140     2
 1634    50    83
 1635    96    38
 1636    36    44
 1637   109    77
 1638    90    42
 1639    69    22
 1640    11   135
 1641   135   151
 1642    31    80
 1643    38    29
 1644   107   135
 1645     8   129
 1646    86   162
 1647     9    20
 1648    25    98
 1649   147    38
 1650    90    24
 1651    77    28
 1652    56    31
 1653   129   104
 1654     6   110
 1655    47    37
 1656   128   116
 1657    67    58
 1658   103   136
 1659    86    76
 1660    20    47
 1661   149    62
 1662    89   162
 1663    72   125
 1664    86    97
 1665    20    94
 1666    76     1
 1667    49   117
 1668    15    24
 1669    64    67
 1670    26     6
 1671     6    86
 1672    66     7
 1673   103   151
 1674   111     6
 1675   150   153
 1676   132   129
 1677    86    48
 1678    12    24
 1679    43   138
 1680    64     5
 1681    93   163
 1682    72     6
 1683   158   117
 1684    51    15
 1685   123    80
 1686   138    58
 1687    33    69
 1688    49   118
 1689    22   136
 1690    92    11
 1691    63    75
 1692   111   118
 1693     3   102
 1694   155    20
 1695   129    92
 1696    59   133
 1697   131   129
 1698   102    75
 1699   148    78
 1700     4   104
 1701   143     9
 1702    85    58
 1703   112    91
 1704    56   102
 1705     1    27
 1706   157    35
 1707   141    24
 1708    57   103
 1709    51   144
 1710    22    53
 1711    16    24
 1712    45   105
 1713    67    85
 1714   120    84
 1715   115     4
 1716    58    27
 1717   110    83
 1718    67    27
 1719   156     6
 1720    82     4
 1721    78    56
 1722   127    19
 1723    92    24
 1724   138    19
 1725    58    43
 1726   133   114
 1727   131   155
 1728    22    56
 1729    87     9
 1730   146   114
 1731   146     7
 1732   153    10
 1733    54    40
 1734    79   162
 1735    63    52
 1736   108    85
 1737   152   107
 1738   155    98
 1739    94   129
 1740   155    62
 1741    36    72
 1742   139    18
 1743   159    91
 1744   159    13
 1745    41    87
 1746    64    24
 1747   151   154
 1748    52    65
 1749    66   128
 1750    60    88
 1751    81   109
 1752    27    40
 1753    46    84
 1754    91   145
 1755    94    53
 1756    62   113
 1757    10   113
 1758   143   107
 1759    24   110
 1760    22    99
 1761   140    19
 1762    70   148
 1763   121   103
 1764    46   120
 1765    41    85
 1766   150    80
 1767    65   111
 1768    28    24
 1769   117    10
 1770    68    10
 1771    39    23
 1772    15    81
 1773   143    68
 1774    30     4
 1775    36    49
 1776   133    95
 1777    11    95
 1778   111   144
 1779    66   158
 1780    74    15
 1781    27    26
 1782    60    19
 1783   132    78
 1784   133   113
 1785    73   152
 1786    35   149
 1787    12    87
 1788   137     7
 1789   141    22
 1790    38   114
 1791    66   163
 1792    37    52
 1793   105    95
 1794    62    53
 1795     3   154
 1796    17    88
 1797    24    17
 1798   148   124
 1799    20    34
 1800   112   107
 1801     6    83
 1802   155    93
 1803    92   145
 1804   159    75
 1805   153    28
 1806    54   153
 1807   103   145
 1808    72   159
 1809    33   101
 1810    21    81
 1811    61   152
 1812   116   112
 1813   123    61
 1814    10    70
 1815    26   138
 1816    94    75
 1817    82    30
 1818     6    10
 1819   152    61
 1820    86    65
 1821   112    26
 1822   155   106
 1823    46    95
 1824   142   119
 1825    83    63
 1826   129    85
 1827    49   120
 1828    38   143
 1829    52    80
 1830    31    39
 1831   115    36
 1832   156    17
 1833    78    33
 1834    65    93
 1835    39   161
 1836    68    81
 1837    52   152
 1838    20    81
 1839   123    81
 1840     8    18
 1841   142    42
 1842     1   116
 1843    80     1
 1844    74    17
 1845   113    64
 1846   130    46
 1847    82    15
 1848    31   121
 1849    72   156
 1850     4    93
 1851    71    97
 1852   162   120
 1853    67   140
 1854    88    54
 1855    25    58
 1856    45   127
 1857    64   100
 1858    35   163
 1859    70   151
 1860   162    54
 1861    11    39
 1862    43    43
 1863   112    15
 1864    30   134
 1865   110    54
 1866    52    50
 1867    90   136
 1868   129    76
 1869     7   122
 1870     3   117
 1871    67    79
 1872    43   114
 1873   160     4
 1874    16    84
 1875    88    21
 1876     7   137
 1877   123   117
 1878   141     9
 1879   159   104
 1880   149    88
 1881    31    20
 1882    49   135
 1883    41    78
 1884    93   140
 1885   163    82
 1886    22    43
 1887   134   117
 1888   135    79
 1889   145   126
 1890    46    53
 1891   140    87
 1892    30   135
 1893    12    89
 1894   119    17
 1895    92    74
 1896   113   103
 1897    46    30
 1898    91   148
 1899   108   149
 1900    77    67
 1901    76    56
 1902     1   102
 1903     9    29
 1904    24   110
 1905    22    22
 1906    85    10
 1907    50    47
 1908   136    59
 1909   149   163
 1910    62    74
 1911    89    15
 1912    83   144
 1913   141    20
 1914    14   158
 1915    70   121
 1916    82    90
 1917    41    34
 1918    16   125
 1919   104   128
 1920   121   100
 1921    64    93
 1922   121    18
 1923    17   109
 1924   137    41
 1925    70   131
 1926   120    86
 1927    42   110
 1928   118    88
 1929    12    67
 1930   100    40
 1931    82    45
 1932    53   144
 1933    65    71
 1934    75     2
 1935    66    84
 1936   151    29
 1937    45    71
 1938   142    40
 1939    59    31
 1940     6    68
 1941   147    26
 1942    25    46
 1943   139    13
 1944   143    68
 1945    23    31
 1946    26    41
 1947     8   108
 1948   117   156
 1949    32    19
 1950    22    75
 1951   110   163
 1952   132   143
 1953   128    57
 1954   140   158
 1955   137    97
 1956    80   146
 1957    62   105
 1958    24    52
 1959   126     8
 1960    38    18
 1961   122   120
 1962    52    37
 1963   112    91
 1964    37    62
 1965    96    90
 1966    19    11
 1967   137    75
 1968    64   162
 1969   134    81
 1970     1     8
 1971    96    12
 1972    99   101
 1973    90    70
 1974   161    49
 1975   144   123
 1976   161    11
 1977    59    38
 1978    54     7
 1979     7    17
 1980    38   153
 1981   119    18
 1982    96    80
 1983   113    20
 1984    17   145
 1985     8    82
 1986    95    26
 1987   118   157
 1988    76    13
 1989     2    52
 1990    87    51
 1991    78    80
 1992    20    34
 1993   113   119
 1994    18   125
 1995    12     2
 1996    31    80
 1997    13   128
 1998    73    33
 1999    56   136
 2000   146   114
 2001    36    99
 2002    80    41
 2003   162    23
 2004    32    95
 2005    62   105
 2006    57   130
 2007    88    61
 2008    92   124
 2009    35    80
 2010   144    45
 2011    69   118
 2012    45   128
 2013    50   111
 2014    13   109
 2015    79   140
 2016    69   109
 2017     8     8
 2018    36   159
 2019    22    55
 2020    27   124
 2021    71    89
 2022     5     4
 2023    82    60
 2024   156   155
 2025   123   104
 2026    79    61
 2027   131    58
 2028    35   144
 2029    15   113
 2030   161   129
 2031     5    46
 2032    52    14
 2033    79    72
 2034    43   107
 2035   114   138
 2036    28   158
 2037    61   143
 2038    35    62
 2039    62    32
 2040   146   109
 2041   160   108
 2042    71    81
 2043    25   152
 2044    34    84
 2045    52   117
 2046   107   108
 2047     3    84
 2048    14    86
 2049    55     5
 2050   120    73
 2051   147    28
2082675
