230
    1    56    46
    2    27    17
    3    15     5
    4    53    43
    5    31    21
    6    51    41
    7    56    46
    8    33    23
    9    19     9
   10    52    42
   11    38    28
   12    46    36
   13    26    16
   14    28    18
   15    30    20
   16    14     4
   17    38    28
   18    53    43
   19    23    13
   20    29    19
   21    34    24
   22    48    38
   23    54    44
   24    44    34
   25    23    13
   26    54    44
   27    29    19
   28    49    39
   29    51    41
   30    26    16
   31    31    21
   32    29    19
   33    14     4
   34    13     3
   35    49    39
   36    31    21
   37    44    34
   38    21    11
   39    27    17
   40    34    24
   41    28    18
   42    46    36
   43    38    28
   44    14     4
   45    21    11
   46    51    41
   47    49    39
   48    37    27
   49    51    41
   50    24    14
   51    13     3
   52    31    21
   53    37    27
   54    41    31
   55    20    10
   56    18     8
   57    22    12
   58    35    25
   59    34    24
   60    23    13
   61    42    32
   62    18     8
   63    30    20
   64    43    33
   65    16     6
   66    27    17
   67    20    10
   68    36    26
   69    37    27
   70    18     8
   71    34    24
   72    12     2
   73    47    37
   74    14     4
   75    25    15
   76    36    26
   77    23    13
   78    43    33
   79    35    25
   80    54    44
   81    24    14
   82    31    21
   83    54    44
   84    40    30
   85    47    37
   86    26    16
   87    52    42
   88    36    26
   89    46    36
   90    37    27
   91    21    11
   92    38    28
   93    14     4
   94    37    27
   95    26    16
   96    25    15
   97    42    32
   98    33    23
   99    55    45
  100    46    36
  101    45    35
  102    36    26
  103    39    29
  104    47    37
  105    32    22
  106    26    16
  107    35    25
  108    14     4
  109    53    43
  110    23    13
  111    40    30
  112    41    31
  113    28    18
  114    53    43
  115    31    21
  116    13     3
  117    29    19
  118    25    15
  119    13     3
  120    30    20
  121    45    35
  122    47    37
  123    49    39
  124    23    13
  125    32    22
  126    18     8
  127    43    33
  128    52    42
  129    54    44
  130    53    43
  131    21    11
  132    40    30
  133    45    35
  134    38    28
  135    47    37
  136    20    10
  137    31    21
  138    55    45
  139    14     4
  140    42    32
  141    36    26
  142    12     2
  143    50    40
  144    46    36
  145    11     1
  146    22    12
  147    18     8
  148    24    14
  149    56    46
  150    49    39
  151    49    39
  152    29    19
  153    29    19
  154    55    45
  155    50    40
  156    38    28
  157    31    21
  158    55    45
  159    53    43
  160    18     8
  161    52    42
  162    38    28
  163    52    42
  164    53    43
  165    15     5
  166    28    18
  167    52    42
  168    43    33
  169    34    24
  170    40    30
  171    24    14
  172    29    19
  173    52    42
  174    55    45
  175    37    27
  176    26    16
  177    41    31
  178    27    17
  179    38    28
  180    35    25
  181    31    21
  182    39    29
  183    23    13
  184    56    46
  185    31    21
  186    20    10
  187    56    46
  188    37    27
  189    11     1
  190    27    17
  191    16     6
  192    31    21
  193    30    20
  194    28    18
  195    23    13
  196    55    45
  197    47    37
  198    37    27
  199    47    37
  200    45    35
  201    56    46
  202    27    17
  203    37    27
  204    44    34
  205    53    43
  206    39    29
  207    27    17
  208    12     2
  209    56    46
  210    34    24
  211    17     7
  212    52    42
  213    54    44
  214    37    27
  215    53    43
  216    53    43
  217    21    11
  218    55    45
  219    16     6
  220    33    23
  221    47    37
  222    26    16
  223    34    24
  224    23    13
  225    34    24
  226    14     4
  227    22    12
  228    26    16
  229    54    44
  230    47    37
31971
