2806
    1    76    66
    2   113   103
    3   109    99
    4    57    47
    5   127   117
    6    19     9
    7   148   138
    8   195   185
    9   185   175
   10   204   194
   11   102    92
   12   140   130
   13   142   132
   14    16     6
   15   120   110
   16   206   196
   17   142   132
   18    41    31
   19    71    61
   20    89    79
   21   148   138
   22    74    64
   23    56    46
   24   142   132
   25    85    75
   26    22    12
   27   149   139
   28    89    79
   29    41    31
   30    26    16
   31    93    83
   32    67    57
   33   114   104
   34    33    23
   35   165   155
   36    81    71
   37    34    24
   38    93    83
   39    27    17
   40   184   174
   41    90    80
   42   104    94
   43   168   158
   44    86    76
   45    29    19
   46   107    97
   47   143   133
   48   151   141
   49    57    47
   50    24    14
   51   181   171
   52   169   159
   53   171   161
   54   143   133
   55    28    18
   56   158   148
   57    86    76
   58   157   147
   59    64    54
   60   175   165
   61   122   112
   62    92    82
   63   116   106
   64   187   177
   65   120   110
   66   115   105
   67   182   172
   68   150   140
   69    89    79
   70    98    88
   71    42    32
   72   180   170
   73    45    35
   74   144   134
   75    85    75
   76   170   160
   77    77    67
   78   169   159
   79   111   101
   80    70    60
   81   116   106
   82    15     5
   83    46    36
   84    96    86
   85    11     1
   86   168   158
   87   114   104
   88    34    24
   89   124   114
   90   197   187
   91    59    49
   92    86    76
   93   198   188
   94    43    33
   95    86    76
   96   119   109
   97   140   130
   98    91    81
   99    77    67
  100   164   154
  101    71    61
  102   134   124
  103    57    47
  104    85    75
  105   102    92
  106   102    92
  107    73    63
  108   124   114
  109    45    35
  110   187   177
  111    48    38
  112   185   175
  113   194   184
  114    65    55
  115    47    37
  116    23    13
  117    21    11
  118   163   153
  119    99    89
  120   102    92
  121   157   147
  122   143   133
  123   131   121
  124    41    31
  125   148   138
  126   188   178
  127   119   109
  128    16     6
  129    44    34
  130    93    83
  131   113   103
  132    72    62
  133    33    23
  134    80    70
  135    87    77
  136   116   106
  137   169   159
  138    79    69
  139    90    80
  140   184   174
  141    94    84
  142    24    14
  143    98    88
  144   182   172
  145    51    41
  146   112   102
  147   120   110
  148   192   182
  149    64    54
  150   173   163
  151    25    15
  152   129   119
  153   155   145
  154   121   111
  155   184   174
  156   132   122
  157   197   187
  158   147   137
  159    59    49
  160    50    40
  161   130   120
  162    38    28
  163   114   104
  164   105    95
  165   171   161
  166    96    86
  167    22    12
  168   113   103
  169    66    56
  170    80    70
  171    14     4
  172    55    45
  173   152   142
  174    65    55
  175    93    83
  176    78    68
  177    91    81
  178   131   121
  179    48    38
  180   169   159
  181    45    35
  182    29    19
  183    13     3
  184    80    70
  185    29    19
  186    48    38
  187    56    46
  188   127   117
  189   181   171
  190   199   189
  191   114   104
  192   169   159
  193    18     8
  194    40    30
  195   189   179
  196   175   165
  197   193   183
  198    83    73
  199    65    55
  200    87    77
  201   138   128
  202    31    21
  203    33    23
  204   156   146
  205   135   125
  206   173   163
  207    45    35
  208   192   182
  209   110   100
  210   162   152
  211    67    57
  212   138   128
  213    84    74
  214    57    47
  215   111   101
  216    59    49
  217   167   157
  218    53    43
  219   206   196
  220   123   113
  221   163   153
  222    12     2
  223    12     2
  224    81    71
  225    50    40
  226    92    82
  227    46    36
  228   138   128
  229    66    56
  230   117   107
  231   111   101
  232   148   138
  233    76    66
  234   194   184
  235   134   124
  236   196   186
  237   206   196
  238    21    11
  239   149   139
  240   158   148
  241   172   162
  242   168   158
  243   157   147
  244    85    75
  245    16     6
  246    13     3
  247   167   157
  248   146   136
  249    66    56
  250   122   112
  251    15     5
  252   139   129
  253    20    10
  254   151   141
  255   100    90
  256   149   139
  257   147   137
  258    86    76
  259   124   114
  260   199   189
  261   174   164
  262   193   183
  263    86    76
  264    94    84
  265   111   101
  266   199   189
  267    77    67
  268   205   195
  269    85    75
  270    68    58
  271   163   153
  272   114   104
  273    66    56
  274   187   177
  275    47    37
  276   184   174
  277   126   116
  278   206   196
  279   177   167
  280    72    62
  281    80    70
  282    57    47
  283   173   163
  284    67    57
  285    88    78
  286   156   146
  287    76    66
  288   190   180
  289    26    16
  290   187   177
  291    79    69
  292    25    15
  293   155   145
  294    96    86
  295    84    74
  296   150   140
  297   205   195
  298    43    33
  299   139   129
  300   197   187
  301   154   144
  302   163   153
  303    57    47
  304    17     7
  305   202   192
  306    50    40
  307    33    23
  308   186   176
  309   206   196
  310    83    73
  311   169   159
  312    99    89
  313    19     9
  314   148   138
  315   180   170
  316    40    30
  317   146   136
  318   118   108
  319    94    84
  320   140   130
  321   182   172
  322    77    67
  323    19     9
  324   140   130
  325   123   113
  326    77    67
  327    14     4
  328   128   118
  329    70    60
  330    59    49
  331   155   145
  332   160   150
  333   171   161
  334   194   184
  335    92    82
  336   183   173
  337   126   116
  338   153   143
  339    74    64
  340    20    10
  341    87    77
  342   153   143
  343   150   140
  344    49    39
  345   197   187
  346   205   195
  347   134   124
  348    21    11
  349   187   177
  350   122   112
  351   179   169
  352   143   133
  353    59    49
  354   206   196
  355    30    20
  356    89    79
  357    39    29
  358   205   195
  359   180   170
  360   143   133
  361   136   126
  362   162   152
  363   101    91
  364   104    94
  365   165   155
  366   204   194
  367   141   131
  368    48    38
  369   161   151
  370    60    50
  371   142   132
  372    92    82
  373   131   121
  374   192   182
  375    98    88
  376    27    17
  377    12     2
  378   106    96
  379    54    44
  380   142   132
  381   191   181
  382    35    25
  383   127   117
  384    50    40
  385    97    87
  386    96    86
  387   137   127
  388   159   149
  389   154   144
  390   103    93
  391   142   132
  392    44    34
  393    24    14
  394    83    73
  395    90    80
  396   107    97
  397    19     9
  398    37    27
  399    18     8
  400    39    29
  401    99    89
  402   159   149
  403    17     7
  404   164   154
  405   159   149
  406    39    29
  407    23    13
  408   145   135
  409    43    33
  410    13     3
  411    69    59
  412   195   185
  413   185   175
  414   110   100
  415    54    44
  416    90    80
  417   180   170
  418   185   175
  419   182   172
  420   142   132
  421    97    87
  422   108    98
  423    20    10
  424   132   122
  425   199   189
  426   160   150
  427    65    55
  428   120   110
  429    14     4
  430    38    28
  431    68    58
  432   205   195
  433   117   107
  434   126   116
  435   168   158
  436   172   162
  437    98    88
  438    82    72
  439   175   165
  440    54    44
  441    82    72
  442   188   178
  443    49    39
  444   117   107
  445   142   132
  446   106    96
  447    68    58
  448   199   189
  449   112   102
  450    91    81
  451    84    74
  452    42    32
  453   132   122
  454    95    85
  455   186   176
  456   108    98
  457   144   134
  458   147   137
  459    27    17
  460    95    85
  461   106    96
  462    79    69
  463   143   133
  464   102    92
  465    77    67
  466   113   103
  467   179   169
  468    94    84
  469   118   108
  470    62    52
  471   136   126
  472    39    29
  473    22    12
  474    65    55
  475   190   180
  476   163   153
  477    69    59
  478   112   102
  479    45    35
  480   197   187
  481    22    12
  482   108    98
  483    76    66
  484   168   158
  485    30    20
  486   133   123
  487    88    78
  488    27    17
  489   139   129
  490    94    84
  491   111   101
  492   173   163
  493   162   152
  494   167   157
  495   206   196
  496   186   176
  497    45    35
  498    12     2
  499   201   191
  500   188   178
  501    71    61
  502    23    13
  503   155   145
  504    64    54
  505   169   159
  506    75    65
  507   114   104
  508    77    67
  509   112   102
  510   111   101
  511   133   123
  512   156   146
  513   137   127
  514   106    96
  515   117   107
  516   171   161
  517   160   150
  518   201   191
  519   189   179
  520   199   189
  521   148   138
  522   176   166
  523   106    96
  524   173   163
  525    27    17
  526   142   132
  527    95    85
  528    88    78
  529   180   170
  530    67    57
  531    42    32
  532   173   163
  533   135   125
  534   172   162
  535   104    94
  536   137   127
  537    25    15
  538    26    16
  539   164   154
  540   108    98
  541   172   162
  542   176   166
  543   148   138
  544    79    69
  545    96    86
  546    27    17
  547   119   109
  548    39    29
  549    14     4
  550    20    10
  551   143   133
  552   122   112
  553   147   137
  554   129   119
  555    43    33
  556   131   121
  557   169   159
  558    42    32
  559    57    47
  560    29    19
  561   125   115
  562   174   164
  563    59    49
  564    94    84
  565   144   134
  566   102    92
  567   187   177
  568   158   148
  569    17     7
  570   181   171
  571   101    91
  572   143   133
  573    92    82
  574    39    29
  575   149   139
  576    23    13
  577    97    87
  578   182   172
  579   123   113
  580   121   111
  581   195   185
  582    73    63
  583   120   110
  584   174   164
  585    29    19
  586    60    50
  587   138   128
  588   100    90
  589   195   185
  590    68    58
  591    27    17
  592   201   191
  593   115   105
  594   181   171
  595   139   129
  596    69    59
  597   146   136
  598   140   130
  599    28    18
  600   146   136
  601    37    27
  602   166   156
  603    35    25
  604   130   120
  605    42    32
  606    55    45
  607    22    12
  608    68    58
  609   200   190
  610    46    36
  611    36    26
  612    36    26
  613   124   114
  614    21    11
  615    18     8
  616    47    37
  617    92    82
  618    79    69
  619   200   190
  620   138   128
  621    46    36
  622   107    97
  623   167   157
  624   132   122
  625   119   109
  626   157   147
  627   166   156
  628   124   114
  629    38    28
  630    15     5
  631    87    77
  632    14     4
  633    69    59
  634    32    22
  635   170   160
  636   137   127
  637   103    93
  638    36    26
  639   189   179
  640    74    64
  641   183   173
  642    93    83
  643    87    77
  644   140   130
  645    92    82
  646   160   150
  647    67    57
  648   191   181
  649    70    60
  650   185   175
  651   188   178
  652    51    41
  653    78    68
  654   120   110
  655   159   149
  656    30    20
  657    90    80
  658   116   106
  659   141   131
  660   154   144
  661   172   162
  662   130   120
  663   152   142
  664    30    20
  665    13     3
  666    19     9
  667    93    83
  668    25    15
  669    58    48
  670    47    37
  671    48    38
  672   100    90
  673    71    61
  674   126   116
  675   123   113
  676   205   195
  677   173   163
  678    29    19
  679    44    34
  680   172   162
  681   110   100
  682    26    16
  683   179   169
  684   143   133
  685   206   196
  686   138   128
  687    93    83
  688   142   132
  689   125   115
  690   131   121
  691    63    53
  692   144   134
  693    96    86
  694   198   188
  695   138   128
  696   102    92
  697    74    64
  698    63    53
  699    32    22
  700    61    51
  701    93    83
  702    72    62
  703    85    75
  704    20    10
  705    29    19
  706   112   102
  707   149   139
  708    88    78
  709   101    91
  710   113   103
  711   125   115
  712    63    53
  713   140   130
  714   182   172
  715    64    54
  716   168   158
  717    55    45
  718   102    92
  719   127   117
  720    97    87
  721    34    24
  722    70    60
  723    81    71
  724    41    31
  725    89    79
  726   174   164
  727   143   133
  728   125   115
  729   194   184
  730   176   166
  731    56    46
  732   125   115
  733    53    43
  734    50    40
  735    61    51
  736    32    22
  737    96    86
  738   117   107
  739    31    21
  740   196   186
  741    16     6
  742    31    21
  743   162   152
  744   180   170
  745    80    70
  746   197   187
  747   179   169
  748    72    62
  749    81    71
  750   203   193
  751   130   120
  752    91    81
  753   103    93
  754   198   188
  755   182   172
  756   165   155
  757   180   170
  758    59    49
  759    57    47
  760   201   191
  761    55    45
  762   134   124
  763    44    34
  764   166   156
  765    93    83
  766    29    19
  767   156   146
  768   113   103
  769   124   114
  770    20    10
  771   164   154
  772   141   131
  773   200   190
  774   111   101
  775   151   141
  776   183   173
  777   134   124
  778    11     1
  779   125   115
  780    50    40
  781    43    33
  782   127   117
  783   106    96
  784    52    42
  785   191   181
  786   101    91
  787   111   101
  788   120   110
  789   197   187
  790    56    46
  791   114   104
  792   164   154
  793   188   178
  794   169   159
  795   196   186
  796    22    12
  797   199   189
  798    15     5
  799   138   128
  800    38    28
  801    77    67
  802   149   139
  803   122   112
  804    19     9
  805    74    64
  806    14     4
  807   184   174
  808   171   161
  809    35    25
  810   192   182
  811   189   179
  812    47    37
  813    42    32
  814   102    92
  815    71    61
  816   152   142
  817   147   137
  818   196   186
  819    87    77
  820    95    85
  821   191   181
  822   146   136
  823    16     6
  824   166   156
  825   125   115
  826    37    27
  827    89    79
  828    48    38
  829    88    78
  830   121   111
  831   107    97
  832   193   183
  833   179   169
  834   112   102
  835    17     7
  836   179   169
  837   105    95
  838    24    14
  839    72    62
  840   137   127
  841    66    56
  842   140   130
  843    23    13
  844   145   135
  845    98    88
  846    65    55
  847    60    50
  848    54    44
  849   181   171
  850   148   138
  851   142   132
  852   201   191
  853    47    37
  854   149   139
  855    20    10
  856   117   107
  857   123   113
  858    86    76
  859   122   112
  860    29    19
  861    95    85
  862   145   135
  863    62    52
  864   184   174
  865   102    92
  866   105    95
  867    21    11
  868    92    82
  869   127   117
  870    40    30
  871   197   187
  872    17     7
  873   102    92
  874   123   113
  875    16     6
  876   174   164
  877   206   196
  878    79    69
  879   159   149
  880    59    49
  881    70    60
  882    15     5
  883   105    95
  884    50    40
  885    52    42
  886   108    98
  887    34    24
  888    11     1
  889   140   130
  890   156   146
  891   116   106
  892   191   181
  893   161   151
  894   119   109
  895   157   147
  896    12     2
  897   155   145
  898   116   106
  899   191   181
  900   195   185
  901   185   175
  902    87    77
  903    22    12
  904    87    77
  905    37    27
  906   133   123
  907   112   102
  908   146   136
  909   159   149
  910   133   123
  911   159   149
  912    43    33
  913   103    93
  914    15     5
  915    31    21
  916    74    64
  917   176   166
  918    43    33
  919   170   160
  920    62    52
  921    22    12
  922   179   169
  923   194   184
  924    21    11
  925   146   136
  926   102    92
  927    75    65
  928   153   143
  929   117   107
  930   105    95
  931    50    40
  932    70    60
  933   107    97
  934    24    14
  935    78    68
  936    15     5
  937   163   153
  938   154   144
  939    34    24
  940    11     1
  941   121   111
  942   139   129
  943    59    49
  944   121   111
  945    27    17
  946   134   124
  947    40    30
  948   158   148
  949   148   138
  950   127   117
  951    12     2
  952   176   166
  953   131   121
  954    67    57
  955    57    47
  956    67    57
  957    45    35
  958    87    77
  959   187   177
  960    78    68
  961   144   134
  962   124   114
  963    67    57
  964   103    93
  965    40    30
  966   120   110
  967   158   148
  968    88    78
  969   126   116
  970   126   116
  971    82    72
  972   147   137
  973    99    89
  974    28    18
  975    77    67
  976   199   189
  977    90    80
  978   170   160
  979   189   179
  980   105    95
  981   155   145
  982   140   130
  983    28    18
  984    97    87
  985   185   175
  986   164   154
  987    80    70
  988    37    27
  989   183   173
  990   146   136
  991    91    81
  992    92    82
  993    32    22
  994   173   163
  995   185   175
  996    77    67
  997    57    47
  998    86    76
  999    83    73
 1000    31    21
 1001    87    77
 1002    37    27
 1003    61    51
 1004   197   187
 1005   194   184
 1006   161   151
 1007    99    89
 1008   195   185
 1009   172   162
 1010    93    83
 1011    74    64
 1012   184   174
 1013    79    69
 1014    29    19
 1015   177   167
 1016   163   153
 1017    83    73
 1018   166   156
 1019   111   101
 1020    64    54
 1021   196   186
 1022    57    47
 1023   185   175
 1024    55    45
 1025    33    23
 1026   192   182
 1027    53    43
 1028   165   155
 1029   125   115
 1030   131   121
 1031   159   149
 1032   172   162
 1033   191   181
 1034    80    70
 1035    62    52
 1036   102    92
 1037    89    79
 1038   173   163
 1039    14     4
 1040    26    16
 1041    25    15
 1042   125   115
 1043   165   155
 1044   173   163
 1045    57    47
 1046   158   148
 1047   165   155
 1048    44    34
 1049    97    87
 1050   146   136
 1051    91    81
 1052   119   109
 1053    43    33
 1054    27    17
 1055    46    36
 1056   163   153
 1057    71    61
 1058   181   171
 1059   122   112
 1060   205   195
 1061    45    35
 1062   191   181
 1063    39    29
 1064   195   185
 1065   189   179
 1066   105    95
 1067   145   135
 1068    32    22
 1069   173   163
 1070    76    66
 1071   122   112
 1072    72    62
 1073   178   168
 1074   201   191
 1075   137   127
 1076    82    72
 1077   176   166
 1078    29    19
 1079   106    96
 1080   105    95
 1081    48    38
 1082   154   144
 1083   199   189
 1084    74    64
 1085   133   123
 1086   142   132
 1087   142   132
 1088   116   106
 1089    55    45
 1090   152   142
 1091   172   162
 1092   111   101
 1093   145   135
 1094    21    11
 1095    95    85
 1096    51    41
 1097    33    23
 1098    65    55
 1099   155   145
 1100   137   127
 1101    26    16
 1102   192   182
 1103    72    62
 1104   152   142
 1105   133   123
 1106   120   110
 1107   203   193
 1108    78    68
 1109    62    52
 1110    39    29
 1111   142   132
 1112    30    20
 1113   166   156
 1114   187   177
 1115   123   113
 1116   174   164
 1117    34    24
 1118    30    20
 1119   129   119
 1120   125   115
 1121    23    13
 1122   205   195
 1123   188   178
 1124   183   173
 1125   177   167
 1126   153   143
 1127    39    29
 1128   114   104
 1129    79    69
 1130   116   106
 1131   175   165
 1132   193   183
 1133   172   162
 1134    62    52
 1135    69    59
 1136   124   114
 1137    88    78
 1138    12     2
 1139   129   119
 1140   182   172
 1141   160   150
 1142   175   165
 1143    95    85
 1144   195   185
 1145   169   159
 1146    81    71
 1147    60    50
 1148   126   116
 1149    69    59
 1150    88    78
 1151   119   109
 1152    92    82
 1153   197   187
 1154    29    19
 1155    73    63
 1156   163   153
 1157    36    26
 1158   132   122
 1159    86    76
 1160    82    72
 1161   103    93
 1162   163   153
 1163    70    60
 1164   198   188
 1165   106    96
 1166    37    27
 1167    80    70
 1168    30    20
 1169    54    44
 1170   100    90
 1171    75    65
 1172    40    30
 1173    57    47
 1174   166   156
 1175    14     4
 1176   199   189
 1177    56    46
 1178    73    63
 1179    26    16
 1180    22    12
 1181   127   117
 1182    52    42
 1183   136   126
 1184    99    89
 1185    32    22
 1186    22    12
 1187   200   190
 1188   173   163
 1189    14     4
 1190    38    28
 1191   166   156
 1192   143   133
 1193   149   139
 1194   176   166
 1195   191   181
 1196   206   196
 1197   137   127
 1198   114   104
 1199   120   110
 1200   131   121
 1201    35    25
 1202    27    17
 1203    87    77
 1204   138   128
 1205   123   113
 1206   151   141
 1207   172   162
 1208   147   137
 1209    75    65
 1210   133   123
 1211   200   190
 1212    51    41
 1213   112   102
 1214   101    91
 1215    88    78
 1216    78    68
 1217   200   190
 1218    13     3
 1219    48    38
 1220   144   134
 1221    45    35
 1222   118   108
 1223    18     8
 1224   127   117
 1225   126   116
 1226    85    75
 1227    18     8
 1228   176   166
 1229    64    54
 1230   192   182
 1231   169   159
 1232    50    40
 1233    95    85
 1234   143   133
 1235   128   118
 1236   200   190
 1237    87    77
 1238    79    69
 1239    95    85
 1240    43    33
 1241    66    56
 1242   151   141
 1243   178   168
 1244    15     5
 1245    67    57
 1246    87    77
 1247   102    92
 1248   119   109
 1249   186   176
 1250   170   160
 1251    13     3
 1252   149   139
 1253   195   185
 1254    64    54
 1255    85    75
 1256   140   130
 1257    97    87
 1258    48    38
 1259    96    86
 1260    25    15
 1261    16     6
 1262   101    91
 1263   158   148
 1264    45    35
 1265   106    96
 1266   183   173
 1267    87    77
 1268    40    30
 1269    44    34
 1270    37    27
 1271   104    94
 1272   103    93
 1273   149   139
 1274   161   151
 1275    76    66
 1276    60    50
 1277    73    63
 1278   168   158
 1279    28    18
 1280    96    86
 1281   108    98
 1282    66    56
 1283    88    78
 1284    79    69
 1285   201   191
 1286    65    55
 1287   156   146
 1288   164   154
 1289   173   163
 1290   102    92
 1291   160   150
 1292    87    77
 1293    45    35
 1294   197   187
 1295    57    47
 1296   150   140
 1297   149   139
 1298   175   165
 1299    62    52
 1300   148   138
 1301   179   169
 1302    35    25
 1303   206   196
 1304    39    29
 1305   108    98
 1306    17     7
 1307   131   121
 1308    26    16
 1309   142   132
 1310   101    91
 1311    84    74
 1312    34    24
 1313   144   134
 1314   135   125
 1315    48    38
 1316   178   168
 1317   118   108
 1318    13     3
 1319   196   186
 1320   193   183
 1321    84    74
 1322    40    30
 1323    43    33
 1324    40    30
 1325   111   101
 1326   197   187
 1327   140   130
 1328    30    20
 1329    51    41
 1330   163   153
 1331    29    19
 1332   179   169
 1333    24    14
 1334   165   155
 1335    35    25
 1336    58    48
 1337   172   162
 1338   149   139
 1339   195   185
 1340    55    45
 1341    77    67
 1342    40    30
 1343   196   186
 1344   117   107
 1345    80    70
 1346    50    40
 1347    26    16
 1348   142   132
 1349    35    25
 1350    31    21
 1351    31    21
 1352   159   149
 1353    34    24
 1354   184   174
 1355   164   154
 1356   191   181
 1357   201   191
 1358   128   118
 1359    25    15
 1360   129   119
 1361   187   177
 1362    99    89
 1363    98    88
 1364   118   108
 1365    66    56
 1366    56    46
 1367   154   144
 1368   185   175
 1369    28    18
 1370   155   145
 1371   138   128
 1372   161   151
 1373   167   157
 1374   137   127
 1375    42    32
 1376    33    23
 1377    86    76
 1378   136   126
 1379   149   139
 1380   199   189
 1381    52    42
 1382    36    26
 1383    58    48
 1384   104    94
 1385    85    75
 1386    92    82
 1387    72    62
 1388   161   151
 1389   203   193
 1390    99    89
 1391   202   192
 1392   166   156
 1393    47    37
 1394    59    49
 1395   160   150
 1396    99    89
 1397   114   104
 1398   147   137
 1399   178   168
 1400   100    90
 1401    84    74
 1402   197   187
 1403   179   169
 1404    59    49
 1405   140   130
 1406   143   133
 1407    55    45
 1408   130   120
 1409   173   163
 1410   199   189
 1411   169   159
 1412    46    36
 1413    20    10
 1414   151   141
 1415   129   119
 1416    54    44
 1417   122   112
 1418   107    97
 1419   142   132
 1420   133   123
 1421   135   125
 1422    46    36
 1423    88    78
 1424   203   193
 1425    63    53
 1426   171   161
 1427    48    38
 1428   108    98
 1429   176   166
 1430   199   189
 1431   141   131
 1432   171   161
 1433    72    62
 1434    61    51
 1435    39    29
 1436    50    40
 1437    35    25
 1438    67    57
 1439   107    97
 1440    71    61
 1441    70    60
 1442   169   159
 1443   187   177
 1444   170   160
 1445   160   150
 1446   161   151
 1447    16     6
 1448    70    60
 1449    30    20
 1450    80    70
 1451   154   144
 1452    35    25
 1453    99    89
 1454   104    94
 1455    59    49
 1456   154   144
 1457    53    43
 1458   127   117
 1459    68    58
 1460    13     3
 1461   191   181
 1462    32    22
 1463   173   163
 1464    69    59
 1465    48    38
 1466    37    27
 1467   104    94
 1468   148   138
 1469    69    59
 1470    16     6
 1471   102    92
 1472   153   143
 1473   139   129
 1474    16     6
 1475   166   156
 1476    32    22
 1477   128   118
 1478   185   175
 1479   155   145
 1480   108    98
 1481    80    70
 1482    13     3
 1483    89    79
 1484    31    21
 1485   144   134
 1486    25    15
 1487   107    97
 1488    72    62
 1489   146   136
 1490    15     5
 1491    36    26
 1492   128   118
 1493   164   154
 1494   181   171
 1495    75    65
 1496    99    89
 1497    24    14
 1498   159   149
 1499    82    72
 1500   175   165
 1501   141   131
 1502   167   157
 1503   196   186
 1504    16     6
 1505    94    84
 1506    46    36
 1507   175   165
 1508    26    16
 1509   203   193
 1510   112   102
 1511   154   144
 1512    88    78
 1513   164   154
 1514   117   107
 1515   106    96
 1516   118   108
 1517    69    59
 1518   198   188
 1519    84    74
 1520   117   107
 1521   103    93
 1522   107    97
 1523   175   165
 1524    31    21
 1525   127   117
 1526    79    69
 1527   124   114
 1528   197   187
 1529   161   151
 1530    30    20
 1531   112   102
 1532    71    61
 1533    37    27
 1534    64    54
 1535    69    59
 1536    31    21
 1537    65    55
 1538   101    91
 1539   133   123
 1540   194   184
 1541   102    92
 1542   141   131
 1543    40    30
 1544   133   123
 1545    86    76
 1546   191   181
 1547    69    59
 1548    47    37
 1549    63    53
 1550    55    45
 1551   125   115
 1552   180   170
 1553   135   125
 1554   159   149
 1555   189   179
 1556    53    43
 1557   115   105
 1558   133   123
 1559    22    12
 1560    79    69
 1561    34    24
 1562    46    36
 1563   150   140
 1564   170   160
 1565   138   128
 1566    97    87
 1567   156   146
 1568    48    38
 1569    54    44
 1570    35    25
 1571    92    82
 1572    56    46
 1573   145   135
 1574   173   163
 1575   123   113
 1576   140   130
 1577    30    20
 1578    57    47
 1579    59    49
 1580    58    48
 1581    54    44
 1582    87    77
 1583    40    30
 1584    54    44
 1585   106    96
 1586    59    49
 1587    78    68
 1588   135   125
 1589    61    51
 1590   139   129
 1591    30    20
 1592   105    95
 1593   198   188
 1594   190   180
 1595    52    42
 1596    98    88
 1597    31    21
 1598   137   127
 1599   103    93
 1600    69    59
 1601   188   178
 1602   155   145
 1603   201   191
 1604   114   104
 1605    31    21
 1606    48    38
 1607   129   119
 1608    89    79
 1609   121   111
 1610   122   112
 1611    40    30
 1612   151   141
 1613   193   183
 1614    11     1
 1615   144   134
 1616   119   109
 1617    52    42
 1618   103    93
 1619    44    34
 1620   203   193
 1621    65    55
 1622   131   121
 1623   168   158
 1624    90    80
 1625   151   141
 1626   108    98
 1627    27    17
 1628   142   132
 1629    94    84
 1630   162   152
 1631    88    78
 1632    95    85
 1633   127   117
 1634    40    30
 1635   124   114
 1636    22    12
 1637    13     3
 1638    85    75
 1639   116   106
 1640   204   194
 1641   141   131
 1642    50    40
 1643    98    88
 1644    79    69
 1645    53    43
 1646    78    68
 1647   148   138
 1648    95    85
 1649   197   187
 1650    19     9
 1651   152   142
 1652   199   189
 1653   194   184
 1654    58    48
 1655   203   193
 1656    79    69
 1657   141   131
 1658   151   141
 1659    67    57
 1660   115   105
 1661   156   146
 1662   184   174
 1663    73    63
 1664    49    39
 1665   148   138
 1666   152   142
 1667    47    37
 1668    47    37
 1669   175   165
 1670    64    54
 1671    46    36
 1672    24    14
 1673   112   102
 1674    88    78
 1675   148   138
 1676    77    67
 1677    90    80
 1678   129   119
 1679    77    67
 1680    54    44
 1681   173   163
 1682   152   142
 1683    32    22
 1684    58    48
 1685   165   155
 1686    47    37
 1687    69    59
 1688    40    30
 1689    82    72
 1690   175   165
 1691    51    41
 1692   107    97
 1693   144   134
 1694   124   114
 1695   132   122
 1696   177   167
 1697   125   115
 1698   166   156
 1699    56    46
 1700   138   128
 1701    20    10
 1702    90    80
 1703   200   190
 1704    11     1
 1705    85    75
 1706    14     4
 1707    67    57
 1708   117   107
 1709    55    45
 1710   115   105
 1711   116   106
 1712   107    97
 1713    45    35
 1714   128   118
 1715    71    61
 1716    61    51
 1717   134   124
 1718    19     9
 1719    17     7
 1720   173   163
 1721   151   141
 1722   180   170
 1723   115   105
 1724    64    54
 1725    96    86
 1726   130   120
 1727    82    72
 1728    81    71
 1729    52    42
 1730    42    32
 1731   107    97
 1732    65    55
 1733   153   143
 1734   115   105
 1735   150   140
 1736   203   193
 1737   168   158
 1738    67    57
 1739    25    15
 1740    56    46
 1741   133   123
 1742    37    27
 1743    39    29
 1744    67    57
 1745   168   158
 1746    56    46
 1747   178   168
 1748    67    57
 1749    88    78
 1750    93    83
 1751    66    56
 1752   121   111
 1753    57    47
 1754    98    88
 1755    80    70
 1756    89    79
 1757   121   111
 1758   153   143
 1759   104    94
 1760   202   192
 1761   127   117
 1762   167   157
 1763   139   129
 1764   154   144
 1765   150   140
 1766   194   184
 1767   128   118
 1768    89    79
 1769    93    83
 1770   155   145
 1771   133   123
 1772   169   159
 1773    48    38
 1774    70    60
 1775    39    29
 1776    70    60
 1777   130   120
 1778    56    46
 1779   136   126
 1780    36    26
 1781    68    58
 1782    63    53
 1783   134   124
 1784    78    68
 1785   131   121
 1786   109    99
 1787    61    51
 1788   183   173
 1789    34    24
 1790   186   176
 1791   136   126
 1792   168   158
 1793    72    62
 1794   123   113
 1795    88    78
 1796    36    26
 1797   134   124
 1798    32    22
 1799   114   104
 1800   140   130
 1801    16     6
 1802    86    76
 1803   124   114
 1804   168   158
 1805   155   145
 1806    19     9
 1807   200   190
 1808   144   134
 1809   187   177
 1810    97    87
 1811   138   128
 1812    88    78
 1813    30    20
 1814   157   147
 1815    59    49
 1816    74    64
 1817    13     3
 1818   157   147
 1819   158   148
 1820    41    31
 1821    21    11
 1822    40    30
 1823    11     1
 1824    83    73
 1825   111   101
 1826    49    39
 1827    59    49
 1828    84    74
 1829    70    60
 1830   108    98
 1831    76    66
 1832    98    88
 1833   142   132
 1834    80    70
 1835   193   183
 1836    90    80
 1837    47    37
 1838    92    82
 1839    54    44
 1840    28    18
 1841    35    25
 1842    41    31
 1843   206   196
 1844   124   114
 1845   169   159
 1846    32    22
 1847    30    20
 1848    38    28
 1849    75    65
 1850    14     4
 1851   152   142
 1852   195   185
 1853   151   141
 1854   175   165
 1855   140   130
 1856   130   120
 1857   146   136
 1858    81    71
 1859    91    81
 1860   149   139
 1861   165   155
 1862   154   144
 1863   125   115
 1864    73    63
 1865   206   196
 1866    37    27
 1867    37    27
 1868    93    83
 1869   147   137
 1870   104    94
 1871    61    51
 1872    92    82
 1873   146   136
 1874   130   120
 1875   171   161
 1876   187   177
 1877    58    48
 1878    99    89
 1879   127   117
 1880   205   195
 1881    17     7
 1882    64    54
 1883    42    32
 1884   193   183
 1885   163   153
 1886   113   103
 1887    69    59
 1888   150   140
 1889    46    36
 1890    27    17
 1891    24    14
 1892    87    77
 1893   105    95
 1894    88    78
 1895   135   125
 1896    78    68
 1897   179   169
 1898   133   123
 1899    75    65
 1900   175   165
 1901   205   195
 1902   143   133
 1903    28    18
 1904    58    48
 1905   133   123
 1906   190   180
 1907    94    84
 1908   101    91
 1909    76    66
 1910   123   113
 1911    83    73
 1912    41    31
 1913    55    45
 1914    91    81
 1915    93    83
 1916   164   154
 1917   182   172
 1918    95    85
 1919   193   183
 1920    59    49
 1921   124   114
 1922   135   125
 1923   175   165
 1924    74    64
 1925    87    77
 1926   159   149
 1927   109    99
 1928    25    15
 1929    95    85
 1930    24    14
 1931   127   117
 1932    80    70
 1933   187   177
 1934    30    20
 1935   197   187
 1936   119   109
 1937    90    80
 1938   110   100
 1939    82    72
 1940   134   124
 1941   192   182
 1942   144   134
 1943    59    49
 1944   164   154
 1945    86    76
 1946    51    41
 1947    24    14
 1948    75    65
 1949   104    94
 1950   204   194
 1951    79    69
 1952    21    11
 1953   150   140
 1954    49    39
 1955   192   182
 1956    91    81
 1957   198   188
 1958   150   140
 1959    86    76
 1960    37    27
 1961    22    12
 1962    66    56
 1963   194   184
 1964   142   132
 1965   149   139
 1966   169   159
 1967   182   172
 1968   118   108
 1969    15     5
 1970    23    13
 1971    16     6
 1972   131   121
 1973    78    68
 1974   149   139
 1975   122   112
 1976    23    13
 1977    89    79
 1978    64    54
 1979    56    46
 1980   202   192
 1981   124   114
 1982    61    51
 1983    69    59
 1984    51    41
 1985    74    64
 1986   149   139
 1987   141   131
 1988   113   103
 1989    96    86
 1990   190   180
 1991   195   185
 1992   176   166
 1993    94    84
 1994    16     6
 1995   167   157
 1996   139   129
 1997   192   182
 1998   155   145
 1999    57    47
 2000    53    43
 2001    23    13
 2002    47    37
 2003    70    60
 2004    83    73
 2005   154   144
 2006   183   173
 2007    27    17
 2008   121   111
 2009   168   158
 2010   170   160
 2011   144   134
 2012   157   147
 2013    47    37
 2014   201   191
 2015   145   135
 2016    67    57
 2017   187   177
 2018   203   193
 2019    37    27
 2020   148   138
 2021    26    16
 2022   134   124
 2023    32    22
 2024   164   154
 2025   200   190
 2026    32    22
 2027   139   129
 2028   130   120
 2029   152   142
 2030    56    46
 2031   160   150
 2032    14     4
 2033    14     4
 2034   164   154
 2035   143   133
 2036   195   185
 2037   191   181
 2038    73    63
 2039    34    24
 2040   116   106
 2041    83    73
 2042   113   103
 2043   200   190
 2044    25    15
 2045    65    55
 2046    74    64
 2047    65    55
 2048    43    33
 2049   118   108
 2050    35    25
 2051    89    79
 2052    20    10
 2053   163   153
 2054    92    82
 2055   134   124
 2056   182   172
 2057    49    39
 2058   179   169
 2059    41    31
 2060   179   169
 2061   125   115
 2062    17     7
 2063    68    58
 2064    58    48
 2065   200   190
 2066   101    91
 2067   140   130
 2068   121   111
 2069   154   144
 2070    27    17
 2071    14     4
 2072   146   136
 2073   186   176
 2074    86    76
 2075   197   187
 2076    77    67
 2077   118   108
 2078   140   130
 2079    43    33
 2080   160   150
 2081    57    47
 2082    53    43
 2083   143   133
 2084    22    12
 2085   149   139
 2086   152   142
 2087   183   173
 2088    78    68
 2089    84    74
 2090    73    63
 2091   118   108
 2092   199   189
 2093   154   144
 2094   118   108
 2095    34    24
 2096   169   159
 2097   170   160
 2098    65    55
 2099    88    78
 2100   163   153
 2101   106    96
 2102    90    80
 2103   105    95
 2104   100    90
 2105    85    75
 2106    59    49
 2107    18     8
 2108    90    80
 2109   117   107
 2110   148   138
 2111   108    98
 2112   185   175
 2113    81    71
 2114   153   143
 2115    78    68
 2116   117   107
 2117    69    59
 2118    27    17
 2119    96    86
 2120   119   109
 2121   105    95
 2122    63    53
 2123   180   170
 2124   105    95
 2125   192   182
 2126    38    28
 2127   168   158
 2128    82    72
 2129   186   176
 2130    42    32
 2131    28    18
 2132   172   162
 2133    64    54
 2134    74    64
 2135   133   123
 2136   198   188
 2137    37    27
 2138   169   159
 2139   131   121
 2140    74    64
 2141   146   136
 2142   201   191
 2143   124   114
 2144   132   122
 2145   175   165
 2146   168   158
 2147   195   185
 2148    33    23
 2149   174   164
 2150   160   150
 2151   168   158
 2152    34    24
 2153    44    34
 2154    63    53
 2155    54    44
 2156    77    67
 2157   110   100
 2158    42    32
 2159    99    89
 2160   139   129
 2161   170   160
 2162    55    45
 2163   163   153
 2164    89    79
 2165    28    18
 2166   178   168
 2167    68    58
 2168    76    66
 2169   200   190
 2170   144   134
 2171    45    35
 2172   131   121
 2173    83    73
 2174    92    82
 2175   107    97
 2176    83    73
 2177   134   124
 2178   160   150
 2179    45    35
 2180   107    97
 2181   118   108
 2182    28    18
 2183    73    63
 2184   139   129
 2185    17     7
 2186    58    48
 2187    13     3
 2188    64    54
 2189   205   195
 2190    29    19
 2191   151   141
 2192   106    96
 2193   201   191
 2194    43    33
 2195   121   111
 2196    64    54
 2197    90    80
 2198   107    97
 2199    44    34
 2200   101    91
 2201    32    22
 2202   129   119
 2203    92    82
 2204   164   154
 2205   134   124
 2206    69    59
 2207    85    75
 2208    55    45
 2209    90    80
 2210   182   172
 2211   141   131
 2212    94    84
 2213    30    20
 2214    71    61
 2215   166   156
 2216   142   132
 2217   108    98
 2218    49    39
 2219   199   189
 2220    41    31
 2221   185   175
 2222   100    90
 2223   107    97
 2224    96    86
 2225   115   105
 2226   184   174
 2227   179   169
 2228    11     1
 2229    65    55
 2230    48    38
 2231    26    16
 2232   146   136
 2233   108    98
 2234    14     4
 2235   147   137
 2236   142   132
 2237    55    45
 2238    63    53
 2239   117   107
 2240    28    18
 2241   147   137
 2242   202   192
 2243    62    52
 2244    66    56
 2245   133   123
 2246    60    50
 2247   178   168
 2248   187   177
 2249    42    32
 2250    66    56
 2251    88    78
 2252   192   182
 2253   194   184
 2254   186   176
 2255   129   119
 2256    80    70
 2257   168   158
 2258    61    51
 2259    92    82
 2260   182   172
 2261    34    24
 2262    82    72
 2263   194   184
 2264   115   105
 2265    60    50
 2266   181   171
 2267    62    52
 2268   128   118
 2269    47    37
 2270    50    40
 2271   165   155
 2272   165   155
 2273   205   195
 2274   145   135
 2275   180   170
 2276    15     5
 2277   184   174
 2278   204   194
 2279    95    85
 2280   141   131
 2281   114   104
 2282   162   152
 2283    23    13
 2284   193   183
 2285    63    53
 2286   112   102
 2287   144   134
 2288   156   146
 2289   185   175
 2290   198   188
 2291   109    99
 2292   123   113
 2293    72    62
 2294    61    51
 2295   204   194
 2296   164   154
 2297    12     2
 2298    32    22
 2299   193   183
 2300    74    64
 2301   114   104
 2302   200   190
 2303    51    41
 2304   160   150
 2305   205   195
 2306   105    95
 2307   156   146
 2308    34    24
 2309    35    25
 2310   122   112
 2311    67    57
 2312   121   111
 2313   199   189
 2314   206   196
 2315   116   106
 2316   197   187
 2317   137   127
 2318    89    79
 2319   175   165
 2320    78    68
 2321   180   170
 2322   175   165
 2323    25    15
 2324   148   138
 2325    68    58
 2326   183   173
 2327   116   106
 2328   157   147
 2329   193   183
 2330   120   110
 2331    49    39
 2332    84    74
 2333   184   174
 2334    14     4
 2335   189   179
 2336   111   101
 2337   185   175
 2338   175   165
 2339    45    35
 2340   146   136
 2341   185   175
 2342    82    72
 2343    32    22
 2344   111   101
 2345   199   189
 2346    84    74
 2347    48    38
 2348    51    41
 2349   131   121
 2350   186   176
 2351   123   113
 2352   155   145
 2353   195   185
 2354    87    77
 2355    92    82
 2356   196   186
 2357   102    92
 2358   167   157
 2359   166   156
 2360   141   131
 2361   130   120
 2362   182   172
 2363   190   180
 2364   106    96
 2365    44    34
 2366   102    92
 2367   137   127
 2368   123   113
 2369   111   101
 2370   184   174
 2371    56    46
 2372   143   133
 2373    44    34
 2374   194   184
 2375    60    50
 2376    11     1
 2377    82    72
 2378   150   140
 2379    66    56
 2380    91    81
 2381   154   144
 2382   119   109
 2383    49    39
 2384   175   165
 2385   121   111
 2386   136   126
 2387   103    93
 2388    80    70
 2389    13     3
 2390   159   149
 2391   117   107
 2392   165   155
 2393    50    40
 2394    97    87
 2395   134   124
 2396    81    71
 2397    19     9
 2398    16     6
 2399    76    66
 2400   191   181
 2401   190   180
 2402    18     8
 2403    84    74
 2404    58    48
 2405   157   147
 2406    95    85
 2407   136   126
 2408    44    34
 2409   122   112
 2410   158   148
 2411   146   136
 2412   186   176
 2413   174   164
 2414    63    53
 2415    11     1
 2416    97    87
 2417   126   116
 2418    73    63
 2419    21    11
 2420   194   184
 2421    62    52
 2422    91    81
 2423   183   173
 2424    73    63
 2425   123   113
 2426   176   166
 2427   112   102
 2428   188   178
 2429   153   143
 2430   199   189
 2431   159   149
 2432   177   167
 2433   150   140
 2434    71    61
 2435    26    16
 2436   178   168
 2437   199   189
 2438   175   165
 2439   160   150
 2440    28    18
 2441    44    34
 2442   190   180
 2443    45    35
 2444   158   148
 2445   166   156
 2446    30    20
 2447   202   192
 2448   135   125
 2449   142   132
 2450    90    80
 2451    95    85
 2452   148   138
 2453    73    63
 2454    84    74
 2455   150   140
 2456   205   195
 2457    52    42
 2458   193   183
 2459   185   175
 2460   180   170
 2461    21    11
 2462    96    86
 2463   160   150
 2464   139   129
 2465   163   153
 2466   169   159
 2467   184   174
 2468   195   185
 2469   132   122
 2470   106    96
 2471   184   174
 2472    85    75
 2473   105    95
 2474   173   163
 2475   127   117
 2476   141   131
 2477   171   161
 2478   149   139
 2479    22    12
 2480    51    41
 2481   101    91
 2482   103    93
 2483   144   134
 2484    58    48
 2485   133   123
 2486   158   148
 2487    76    66
 2488   164   154
 2489    61    51
 2490    66    56
 2491    87    77
 2492    76    66
 2493    84    74
 2494    58    48
 2495    16     6
 2496    14     4
 2497    78    68
 2498   130   120
 2499    97    87
 2500    81    71
 2501   160   150
 2502    40    30
 2503   140   130
 2504    96    86
 2505    68    58
 2506   190   180
 2507    74    64
 2508   151   141
 2509   113   103
 2510   188   178
 2511   167   157
 2512   174   164
 2513    40    30
 2514    68    58
 2515   116   106
 2516   170   160
 2517    59    49
 2518    36    26
 2519   187   177
 2520   143   133
 2521    55    45
 2522    77    67
 2523    90    80
 2524    96    86
 2525    30    20
 2526    26    16
 2527    51    41
 2528   110   100
 2529    53    43
 2530   196   186
 2531    42    32
 2532    69    59
 2533   205   195
 2534    79    69
 2535    95    85
 2536   132   122
 2537   169   159
 2538   135   125
 2539    36    26
 2540    90    80
 2541   160   150
 2542   134   124
 2543   157   147
 2544   171   161
 2545   145   135
 2546   149   139
 2547   140   130
 2548    46    36
 2549   175   165
 2550   199   189
 2551   156   146
 2552    30    20
 2553    16     6
 2554   169   159
 2555   161   151
 2556   104    94
 2557   174   164
 2558    92    82
 2559    60    50
 2560    11     1
 2561    50    40
 2562    29    19
 2563    85    75
 2564    74    64
 2565   201   191
 2566   194   184
 2567   163   153
 2568   171   161
 2569    88    78
 2570   187   177
 2571    69    59
 2572   136   126
 2573   171   161
 2574   128   118
 2575   204   194
 2576   108    98
 2577   194   184
 2578   154   144
 2579   108    98
 2580    29    19
 2581   204   194
 2582    18     8
 2583    15     5
 2584   117   107
 2585    22    12
 2586    57    47
 2587   160   150
 2588   164   154
 2589   101    91
 2590   118   108
 2591    53    43
 2592   168   158
 2593    92    82
 2594   187   177
 2595    98    88
 2596    52    42
 2597   188   178
 2598    75    65
 2599    19     9
 2600   183   173
 2601    97    87
 2602   177   167
 2603   112   102
 2604   197   187
 2605   146   136
 2606    33    23
 2607    23    13
 2608    87    77
 2609   150   140
 2610    44    34
 2611    38    28
 2612   140   130
 2613    23    13
 2614   173   163
 2615    12     2
 2616   200   190
 2617   204   194
 2618    71    61
 2619   175   165
 2620    61    51
 2621   182   172
 2622   183   173
 2623    81    71
 2624    98    88
 2625   167   157
 2626    80    70
 2627   168   158
 2628    84    74
 2629   120   110
 2630   142   132
 2631    30    20
 2632    29    19
 2633    45    35
 2634    47    37
 2635   145   135
 2636   187   177
 2637   175   165
 2638   169   159
 2639    68    58
 2640   153   143
 2641    65    55
 2642    33    23
 2643   104    94
 2644   189   179
 2645    92    82
 2646    58    48
 2647   123   113
 2648   130   120
 2649    90    80
 2650   174   164
 2651    87    77
 2652    62    52
 2653   118   108
 2654   133   123
 2655   135   125
 2656   113   103
 2657    91    81
 2658    15     5
 2659    51    41
 2660   193   183
 2661   167   157
 2662   164   154
 2663    85    75
 2664   117   107
 2665    38    28
 2666    56    46
 2667   153   143
 2668    40    30
 2669    28    18
 2670    98    88
 2671    97    87
 2672   130   120
 2673   143   133
 2674    26    16
 2675   130   120
 2676   110   100
 2677    86    76
 2678   178   168
 2679   140   130
 2680   104    94
 2681    72    62
 2682    74    64
 2683    32    22
 2684    16     6
 2685   205   195
 2686    32    22
 2687    61    51
 2688   157   147
 2689   148   138
 2690    63    53
 2691   164   154
 2692   131   121
 2693   141   131
 2694   125   115
 2695    93    83
 2696   122   112
 2697    94    84
 2698    60    50
 2699   159   149
 2700    63    53
 2701   133   123
 2702   125   115
 2703   192   182
 2704   194   184
 2705   125   115
 2706    79    69
 2707   163   153
 2708   106    96
 2709   198   188
 2710   188   178
 2711    27    17
 2712   182   172
 2713   182   172
 2714    23    13
 2715    13     3
 2716   149   139
 2717   103    93
 2718   185   175
 2719   129   119
 2720   197   187
 2721    15     5
 2722    30    20
 2723   114   104
 2724   142   132
 2725   135   125
 2726   176   166
 2727   204   194
 2728    25    15
 2729    72    62
 2730   155   145
 2731   204   194
 2732    16     6
 2733    60    50
 2734   177   167
 2735    59    49
 2736   188   178
 2737   117   107
 2738   176   166
 2739   179   169
 2740    66    56
 2741    40    30
 2742    73    63
 2743    83    73
 2744    28    18
 2745   105    95
 2746    13     3
 2747    82    72
 2748    91    81
 2749   159   149
 2750   168   158
 2751    24    14
 2752   183   173
 2753    46    36
 2754   163   153
 2755   189   179
 2756    99    89
 2757   121   111
 2758   133   123
 2759    99    89
 2760   139   129
 2761   164   154
 2762    17     7
 2763   151   141
 2764    84    74
 2765   183   173
 2766   116   106
 2767    91    81
 2768   197   187
 2769    13     3
 2770    94    84
 2771   139   129
 2772   121   111
 2773   159   149
 2774    52    42
 2775   166   156
 2776    34    24
 2777   107    97
 2778    84    74
 2779    60    50
 2780    50    40
 2781   162   152
 2782    36    26
 2783   170   160
 2784    49    39
 2785    27    17
 2786   126   116
 2787   146   136
 2788   165   155
 2789   159   149
 2790   189   179
 2791   106    96
 2792   165   155
 2793    58    48
 2794   194   184
 2795    68    58
 2796   186   176
 2797    62    52
 2798   178   168
 2799    16     6
 2800    97    87
 2801   152   142
 2802    39    29
 2803   130   120
 2804    55    45
 2805   152   142
 2806   134   124
3735504
