3841
    1    72    71
    2   192   224
    3   222    86
    4    78    75
    5   163    44
    6   155    57
    7   163   169
    8   121   219
    9   228   213
   10    56     6
   11    41   191
   12   149   143
   13    53    80
   14   160    16
   15    25   212
   16   162   232
   17   140    25
   18   196   236
   19    76    37
   20   215    46
   21   167    49
   22    25    35
   23   174   156
   24    38   222
   25    15    60
   26   116   144
   27   166   218
   28   201    47
   29   100    77
   30   226   143
   31   111    97
   32    62   147
   33    42   235
   34    65    89
   35    69   140
   36   179   221
   37   231    44
   38   173   176
   39   216   228
   40    41   102
   41   114   135
   42   219   181
   43    63   130
   44    85    61
   45    92   207
   46   153   222
   47    86    37
   48    82    97
   49    86   135
   50   135   184
   51   101     6
   52   112    84
   53   165   181
   54   143   144
   55    62   188
   56    12     7
   57    56   233
   58   198    10
   59   106    20
   60    29    14
   61   118   128
   62   228   170
   63   131   151
   64    99   166
   65   176    15
   66   111    80
   67     7   180
   68    79    74
   69   130    72
   70    47   229
   71   159    65
   72    37    77
   73    43    10
   74    83   235
   75    76   235
   76     4    76
   77    24   122
   78    79    99
   79    50   132
   80   225   158
   81    81   181
   82   184   129
   83    39   114
   84    48   181
   85   135   197
   86   110   157
   87     4   159
   88    73    60
   89   198    22
   90   236   131
   91    40    12
   92   179   192
   93   183    52
   94   174   111
   95    86     4
   96   232    13
   97    87    49
   98   110   180
   99   106   220
  100   126   216
  101   218   217
  102   175   124
  103    20   130
  104   175    68
  105   125    97
  106   129   142
  107   172    31
  108    62   182
  109   236    54
  110    78   193
  111    19    70
  112   180   191
  113    35     5
  114    85   213
  115    24   193
  116   191   166
  117    25   203
  118   175   169
  119   100    21
  120   221    60
  121    75   115
  122    40   120
  123   112    51
  124   129   130
  125    53   145
  126    50   210
  127    30   179
  128    24   167
  129   117   170
  130    82   159
  131   188   173
  132     9   133
  133    34   174
  134    40   108
  135    39    84
  136   173   170
  137    74    53
  138   211   226
  139    81    17
  140    43    36
  141   148   179
  142   102    12
  143    99    47
  144   177   167
  145    50   221
  146    48   190
  147   175   134
  148   145   115
  149    50   236
  150   136   206
  151   134   173
  152    96    36
  153   169    49
  154    77   160
  155   126    41
  156   230   224
  157   231    54
  158   219   151
  159     1    89
  160   103    97
  161    44   193
  162   207    14
  163   120   162
  164    55    81
  165    66   153
  166   215    46
  167   149    54
  168     2   147
  169    72   201
  170   155    85
  171   196    46
  172   104    49
  173    72   116
  174   232    37
  175   169   222
  176   234    54
  177   133   166
  178    88    53
  179    36   174
  180    66   123
  181     1     7
  182    27   212
  183    91    40
  184   159    48
  185   159   164
  186    11   133
  187   199   190
  188   122   205
  189   149   115
  190   133    97
  191   102   154
  192     5   166
  193   103   220
  194    22   144
  195    26    49
  196    39   161
  197   206    87
  198   122   105
  199    88   134
  200    14    21
  201   174   122
  202    31   228
  203   202    22
  204   220    38
  205   144    10
  206   222   132
  207    29   212
  208   189    85
  209   144    31
  210   217   189
  211    63   144
  212    51    15
  213   123   174
  214    75   208
  215   145   201
  216   232    55
  217    65   160
  218    23    63
  219   157    37
  220   201    98
  221    27    57
  222   112    32
  223    57   121
  224   154   211
  225    22   115
  226   129   215
  227   226    91
  228    95   181
  229    22   199
  230   170   202
  231   206   109
  232    13   182
  233   124    44
  234   153   166
  235   213    85
  236    74   171
  237   176   125
  238   146    25
  239    15   216
  240   124   208
  241   107   109
  242   151   223
  243   232   105
  244   178   147
  245    41    54
  246    92   186
  247   102   149
  248   101   213
  249   179     8
  250   183    40
  251    90   218
  252   167   202
  253    94   208
  254   204   185
  255   102   131
  256    31   156
  257   193   152
  258    74   172
  259   156   115
  260   130     4
  261   115    83
  262    68    61
  263    25    34
  264   179   186
  265    46    51
  266    60   185
  267   227   230
  268    60   215
  269   137   148
  270    63   199
  271    79   163
  272    38   219
  273    10   215
  274    82   222
  275   215   205
  276    33    66
  277    28   222
  278    10   142
  279   197    40
  280    36   140
  281   161    28
  282   233    86
  283   105   215
  284   113    82
  285   212    84
  286   154    24
  287   206    87
  288    54    96
  289    93   168
  290   184   182
  291    68    70
  292   149    31
  293   167    92
  294   147   185
  295    95    50
  296    64   162
  297   160   138
  298    32    10
  299   219   121
  300   113   151
  301    89   112
  302    93   130
  303    42   221
  304   167    61
  305    41   207
  306    27   143
  307    16     7
  308    38   141
  309    18    83
  310   113    83
  311   210    13
  312   115    26
  313    32    34
  314     7   217
  315    42     5
  316   137    86
  317   171   200
  318    32     1
  319   143   130
  320   105   112
  321    40    62
  322    31    90
  323    75     7
  324    26     2
  325   192    77
  326    38   179
  327     7   165
  328    69   226
  329   155    33
  330   213   228
  331   149    39
  332   109   223
  333   122    32
  334   188    16
  335   230    77
  336    63    51
  337   233    22
  338    24   218
  339    20   108
  340   159    99
  341    61   133
  342    38   182
  343   137   145
  344   149    52
  345   122   236
  346    67   170
  347    57    35
  348   161   181
  349   122    41
  350   128   167
  351   235   124
  352    95   228
  353     3    24
  354   155   216
  355    84    48
  356   166    60
  357   113   187
  358   107    55
  359    93   166
  360   108    94
  361   213    69
  362   112   116
  363   209   100
  364   220     6
  365   151     1
  366    76    51
  367   177    52
  368   195   140
  369   116    83
  370    51    22
  371    82   179
  372   167    69
  373   168   107
  374    47   194
  375   122   152
  376    70   173
  377    41    14
  378   100    45
  379   218   167
  380   104   200
  381    45    10
  382    13   155
  383   116    36
  384    44    99
  385    27   207
  386   180   191
  387   118    23
  388     2   166
  389   170   169
  390    13    80
  391    34   230
  392    19    25
  393    40   186
  394   191   154
  395   235   120
  396    39    37
  397   188   199
  398   113   167
  399    78     6
  400   229     5
  401   164     4
  402   122   181
  403   185   225
  404    98   175
  405   151   194
  406   174   204
  407    81   149
  408   207   130
  409   159   170
  410   130   174
  411    33     2
  412    53   215
  413    96   228
  414   187    36
  415    80   227
  416    40    38
  417   111   126
  418   174   112
  419   159    12
  420   168    75
  421   159    89
  422    32   106
  423   220    25
  424   221   103
  425   211   212
  426    92   189
  427    40   138
  428   232    15
  429    53   130
  430   168   133
  431   104    94
  432    31    81
  433   100    89
  434    91   136
  435   115   170
  436   192    52
  437    94     1
  438   185   159
  439   206     5
  440   138    74
  441   226   109
  442    13   224
  443    51    87
  444   114   177
  445   151   215
  446   122   183
  447   202    44
  448   207   128
  449    47   106
  450    50   222
  451   106   120
  452   178    61
  453   204   200
  454   189   211
  455   232   122
  456   138   106
  457   162   146
  458    89   166
  459   166   179
  460   117    89
  461   222   197
  462   108   113
  463    69    37
  464   172   134
  465    24   160
  466    89   181
  467   231    50
  468    54   221
  469    57   110
  470    22    29
  471    14   224
  472    40   210
  473    37   230
  474    29   111
  475    90   207
  476   199   191
  477    50   206
  478    14   136
  479   142   164
  480    81   162
  481   139    87
  482   130    58
  483   195   175
  484    23    69
  485    85   129
  486    58   161
  487    87    62
  488   142    80
  489   137   121
  490   144    84
  491   195   190
  492   128   131
  493   231   104
  494   216   187
  495    53     2
  496   235   158
  497     4   195
  498   196   100
  499    77   160
  500    94    38
  501   180    10
  502   124   152
  503   140   217
  504   110   130
  505    32   195
  506    31   189
  507     4     2
  508     2    12
  509   221   214
  510    91   214
  511    40    87
  512    94    56
  513   183    16
  514   180   124
  515   146    92
  516    63    86
  517   147    54
  518   145   181
  519    12    96
  520   101   109
  521   220    56
  522    64   132
  523    77   120
  524    19   184
  525   121    72
  526   150    70
  527   178   222
  528   150     5
  529   140     6
  530    84   105
  531   218   228
  532   114   150
  533    48   224
  534    91   108
  535    95    48
  536   167   217
  537   224   217
  538   173   136
  539   156     3
  540    84   165
  541   129    51
  542   161    26
  543   193   136
  544   155   169
  545    91   178
  546    70   199
  547   172   180
  548   178   110
  549    36   224
  550   136    34
  551   159    97
  552    11    35
  553    43   232
  554    89    38
  555   226     5
  556    17    97
  557   154    61
  558   193   178
  559   173    93
  560    12   192
  561    52     6
  562   218    67
  563    32   148
  564   181   106
  565    95   114
  566    84   138
  567   177   211
  568   119   164
  569   179   171
  570   149   220
  571   194   211
  572    86   146
  573   208   168
  574   217   227
  575   203    24
  576    39   154
  577   180    44
  578   138   228
  579     3   199
  580   229   169
  581   202   166
  582   181   173
  583    32   233
  584   105    71
  585    59   129
  586   235    58
  587   137   172
  588    62    85
  589   232   167
  590    69    53
  591   219    50
  592   130   219
  593   217    39
  594   172   123
  595   121   169
  596    10   197
  597   143   148
  598    57   118
  599    49   184
  600   162    23
  601   198    70
  602    41    70
  603   106    82
  604   174   123
  605   200   138
  606    74   187
  607   168     3
  608   213   115
  609   228   167
  610    75   127
  611    13   236
  612    38   197
  613    32   177
  614   187   221
  615   191   219
  616   161   180
  617   202    42
  618    31   183
  619    14   234
  620   170    26
  621   202   209
  622   106     5
  623   146    78
  624    30   173
  625   181    29
  626   220   232
  627   227   146
  628   203   144
  629   207    56
  630   108   139
  631    64     3
  632   188    17
  633    18   229
  634   179    34
  635    44    63
  636    50   195
  637    12   100
  638   107    83
  639   175    44
  640    11    47
  641   141   187
  642    94    87
  643   128   148
  644   211   127
  645   189   184
  646    46   231
  647   160   136
  648   197    76
  649    90    32
  650   127    81
  651   194   146
  652    18   105
  653   116   235
  654   157   122
  655   168    33
  656    33   159
  657     2   119
  658   217   211
  659   136    69
  660   104    99
  661    95    15
  662    63   106
  663   184   106
  664    97    51
  665    70   198
  666   190    96
  667    92    35
  668    57    90
  669    64    47
  670    86   126
  671   227   144
  672   220   163
  673    69   115
  674   185    61
  675   126    82
  676   102   150
  677   155   193
  678   230    11
  679     3     4
  680   172   136
  681   158    26
  682     9    69
  683    79     5
  684   112    29
  685   178   215
  686   152   173
  687   200   182
  688   128   101
  689   235    33
  690   134   116
  691    19   119
  692    75   169
  693   107   120
  694   184   187
  695    34   162
  696    33   121
  697   102   222
  698   158   163
  699   214    25
  700    99   209
  701   144   207
  702     2   178
  703    62   115
  704   169   222
  705     2   148
  706   225   124
  707    78     3
  708   181   224
  709   214   181
  710     4    13
  711    13    38
  712    46   119
  713    98    70
  714   211   227
  715    54    55
  716    98    16
  717   180   203
  718   117   126
  719     6   214
  720    14   230
  721   188    21
  722    17   146
  723    72   155
  724   209   127
  725    39    37
  726   170    41
  727    47    18
  728    97   186
  729    62    72
  730    40    43
  731   139   178
  732   120   236
  733   108   231
  734   187    27
  735   151   228
  736   204   217
  737    15   166
  738    59   133
  739    64   131
  740   103   194
  741    52   215
  742    46    76
  743    40    95
  744    99   186
  745   102    53
  746   143    79
  747    28   147
  748    42   106
  749    22   159
  750   126   161
  751    26   128
  752     3    95
  753   153    93
  754   141   218
  755    43   126
  756   115   217
  757     4   235
  758   185   113
  759   213    48
  760     8   203
  761    26   154
  762   230    90
  763   122   190
  764    84    91
  765    37   172
  766   182    63
  767   223   172
  768   110    40
  769   208   112
  770   185   188
  771    20    93
  772    24   127
  773   154   229
  774    46   196
  775     2    38
  776   155   220
  777   130    98
  778   172   168
  779    68    66
  780    22   121
  781   221   217
  782   177   157
  783    28   101
  784   223    83
  785    18   173
  786   159   199
  787   136   140
  788   103    42
  789     8   101
  790    17    26
  791   174    93
  792   109   135
  793    14   197
  794   146   105
  795     6    76
  796   132    53
  797   101   217
  798   125    31
  799   124    74
  800    24    54
  801   134   127
  802    65   156
  803    39   194
  804   208   108
  805    65   236
  806    42    99
  807    42    28
  808    14   235
  809   102   147
  810    62   227
  811    22    76
  812   145    15
  813   203   150
  814    49    42
  815    29    33
  816   214    71
  817   191   130
  818    89   107
  819   200    40
  820   151   207
  821   201    12
  822   210   233
  823   213   152
  824   202    95
  825    34    24
  826    90   111
  827   117   217
  828   194   178
  829   134   180
  830   202    58
  831   143    35
  832   132   184
  833    27    71
  834   142    38
  835   107   234
  836    83   181
  837   111     3
  838    24   119
  839   212    37
  840   225    64
  841   223    16
  842   217   151
  843    14   184
  844   231   188
  845    94   229
  846    10   102
  847   235    27
  848   136   139
  849    93    60
  850    37   191
  851    53    95
  852    18   135
  853   105    44
  854   144    54
  855    38   162
  856   182     3
  857    39    12
  858   204    90
  859   194   117
  860    12   100
  861    95    42
  862    43   234
  863    97    83
  864    96   125
  865   117     7
  866   232    70
  867    46   152
  868    98    57
  869    26    91
  870   203   184
  871    56    40
  872    22   134
  873    99    47
  874     2   169
  875   180    75
  876   168    81
  877    69   108
  878    68    27
  879   224    72
  880    41    39
  881   154   214
  882   129    86
  883   189   189
  884   228    59
  885   134     4
  886    28   160
  887   145   111
  888   201    86
  889    47    97
  890    71   151
  891   166   211
  892    61   177
  893   216    22
  894   178    88
  895   209    65
  896    27   195
  897    98   115
  898    15    35
  899    79   157
  900   207   109
  901   105   223
  902    27   123
  903    34   122
  904   119    63
  905   148    78
  906    47    53
  907   124   181
  908     1    14
  909   148    36
  910    92    73
  911   163   136
  912   230    38
  913   188   182
  914   111   190
  915   107   169
  916   177   155
  917    19   181
  918     5     8
  919    11   130
  920   235   173
  921    24    98
  922   147   153
  923   147    40
  924    49     9
  925   165    82
  926   134   195
  927   114   198
  928    21    19
  929   196    65
  930   156   178
  931   177    88
  932   164     4
  933   156   221
  934   224   152
  935    59    62
  936    51    40
  937    93   225
  938   218   122
  939   166    57
  940   124   138
  941   135    84
  942   128   201
  943   100   210
  944   149    16
  945    78   145
  946   122   223
  947    75   100
  948   173    38
  949   204    74
  950   170   214
  951    26    60
  952    93    87
  953    93    28
  954    88     1
  955   158   171
  956   180   198
  957    42    86
  958     3   124
  959    90   137
  960    82   208
  961    50    19
  962    65   186
  963    50   126
  964    36    68
  965    75   130
  966    51   138
  967   105    50
  968   138    24
  969    53   213
  970   157    85
  971   223    27
  972    83    26
  973     2    57
  974   170   187
  975   143    71
  976    96   186
  977   176   181
  978   162    31
  979    45    21
  980   124   141
  981   149   189
  982     5   117
  983    48   120
  984    85   229
  985    62    74
  986    38    75
  987   228    33
  988     6     5
  989   111   160
  990    77   131
  991   156   103
  992     2   224
  993   144   133
  994    92   200
  995    13    23
  996   127    26
  997    91    89
  998   142   218
  999    34   135
 1000   120    48
 1001    94    38
 1002   198   165
 1003   226   193
 1004    80   106
 1005   185    43
 1006   108    59
 1007    96   118
 1008   210   108
 1009   202   206
 1010    35   124
 1011   125    89
 1012    75   159
 1013    95   179
 1014   173     6
 1015    55   111
 1016   201   211
 1017    23    69
 1018    26     6
 1019   232   178
 1020    55   185
 1021    40     2
 1022   180   199
 1023    33    64
 1024   130   152
 1025   102     5
 1026    99   156
 1027   143   182
 1028   197    37
 1029    50   116
 1030   134   148
 1031    64   120
 1032    73     7
 1033   224   103
 1034   116    67
 1035    54    37
 1036   117   201
 1037   185   189
 1038   104    76
 1039   215   101
 1040   151   202
 1041   228   104
 1042   137    18
 1043    83   196
 1044   161    54
 1045   172    75
 1046   206     9
 1047   221   209
 1048   184    17
 1049   188    81
 1050   206   175
 1051   129   225
 1052    83    64
 1053   162    72
 1054   125   181
 1055   227    68
 1056   172   119
 1057   212   176
 1058   136   205
 1059   102    64
 1060   222   227
 1061    14    92
 1062   216    63
 1063    41    87
 1064   101    79
 1065   101   141
 1066   199   219
 1067    85   151
 1068   201   112
 1069   168   180
 1070   189   134
 1071    44    53
 1072   123   175
 1073   195    42
 1074    72    82
 1075   183    13
 1076    89    51
 1077   162   175
 1078   140    69
 1079    25    41
 1080   218   178
 1081   214   205
 1082   120   122
 1083   141    75
 1084   107     7
 1085    99    91
 1086    98   140
 1087   227   226
 1088    74    62
 1089    91    69
 1090    74   176
 1091    55    73
 1092   186   196
 1093   125   136
 1094    35   176
 1095    20   156
 1096   189   162
 1097    74   160
 1098    99   136
 1099    54    93
 1100    76   179
 1101   172    99
 1102    27    67
 1103   208    97
 1104   194   200
 1105    53   217
 1106    57   212
 1107    74   145
 1108   173   113
 1109   156    19
 1110    12   122
 1111   107    84
 1112   211   222
 1113    91   122
 1114   234   158
 1115   159   108
 1116   209    33
 1117   193    99
 1118    61   162
 1119   186   206
 1120   131   200
 1121   113    70
 1122   149   121
 1123   151   100
 1124    46   109
 1125   157   225
 1126   143   227
 1127    89   193
 1128     7   196
 1129    64   183
 1130     1    43
 1131   205   205
 1132    34   105
 1133   160    15
 1134    67   129
 1135   189    86
 1136    32   152
 1137   100   124
 1138   110   147
 1139   227   155
 1140   208    30
 1141   189    97
 1142   172   210
 1143    79   158
 1144   127   139
 1145    73   184
 1146   142   144
 1147    48   127
 1148    35    47
 1149   215    23
 1150    29    64
 1151   167    81
 1152   107   218
 1153   148    48
 1154    13   119
 1155   129   114
 1156    76    62
 1157   193   230
 1158    72    35
 1159   172   152
 1160    65   162
 1161    14   159
 1162    91    32
 1163    26    75
 1164    48    87
 1165    39   232
 1166     3   224
 1167    33   195
 1168   194   204
 1169    58    88
 1170   153   176
 1171    21    72
 1172   146   215
 1173    75   178
 1174   190    47
 1175    33   194
 1176    62   130
 1177    26   126
 1178   235    27
 1179   122   157
 1180   100   213
 1181   193   133
 1182    45    53
 1183    69   147
 1184   158    76
 1185   191   150
 1186   106   227
 1187    77   219
 1188    14   115
 1189    53   113
 1190   130   225
 1191   186   153
 1192   222    52
 1193    71    36
 1194   191   174
 1195   222   228
 1196   212   232
 1197    92    89
 1198    28    53
 1199    95    26
 1200   118   179
 1201    29   149
 1202    61   119
 1203   210   204
 1204    51    19
 1205    97   225
 1206    21   205
 1207   110    69
 1208    16    70
 1209   164    49
 1210    13   164
 1211   130   225
 1212    24   134
 1213   231    34
 1214   111    99
 1215   162     8
 1216    68    54
 1217   174   141
 1218   129   181
 1219   210   198
 1220    23    19
 1221   121    95
 1222    81    56
 1223   185   213
 1224    22   233
 1225   221    17
 1226    35    26
 1227   163     4
 1228    20   169
 1229   160   195
 1230   155   104
 1231    39   228
 1232    18    27
 1233   128    82
 1234    74   163
 1235   197   143
 1236   172    39
 1237    16    28
 1238   180   154
 1239   232     6
 1240    78    85
 1241    78   204
 1242    97    87
 1243   109    92
 1244   191    51
 1245   221   184
 1246    51   206
 1247   181   167
 1248    57   227
 1249   201    77
 1250    32   172
 1251    59   163
 1252   171    79
 1253   153    15
 1254    98   181
 1255   199   216
 1256   129   130
 1257    91    75
 1258   213    31
 1259   203    78
 1260    90   222
 1261   188   150
 1262   147    13
 1263   129    77
 1264   145   234
 1265   147    36
 1266    32   225
 1267   146   136
 1268    71   118
 1269   114   196
 1270   205    27
 1271    53    35
 1272    78   120
 1273    28   192
 1274   193   103
 1275   190    78
 1276    73   127
 1277    44    43
 1278    11   168
 1279   235    49
 1280   138   171
 1281    48     9
 1282    41   180
 1283     5   200
 1284    90    34
 1285   218    91
 1286    35   104
 1287   219     6
 1288   211   103
 1289   141    61
 1290   200   215
 1291   185   223
 1292   144   194
 1293     4   221
 1294   123   171
 1295   109   160
 1296   211    72
 1297    46   211
 1298   179   161
 1299    18   187
 1300    10    94
 1301   104    64
 1302   128   199
 1303   208    69
 1304   142   182
 1305   115    29
 1306    51   217
 1307   124   230
 1308    31   131
 1309   114   199
 1310   232   170
 1311   226   173
 1312   105   224
 1313   203    66
 1314   115   167
 1315   153   207
 1316     4    57
 1317   126   164
 1318    50   120
 1319   172   166
 1320     8    11
 1321   164    60
 1322   136    27
 1323    13    43
 1324   145   202
 1325   221   121
 1326   177   182
 1327   140    61
 1328   192     6
 1329   158   210
 1330   228   198
 1331   175   146
 1332   164    40
 1333    39   213
 1334   235    88
 1335   233   179
 1336   193    20
 1337    29   214
 1338   141   165
 1339   201    73
 1340   227    11
 1341    25   163
 1342     3   203
 1343   191    68
 1344   172    88
 1345    66    19
 1346    78     7
 1347    76   132
 1348    17   220
 1349   231   105
 1350   194    66
 1351    44   112
 1352   165    47
 1353   106   148
 1354   141    26
 1355   135   161
 1356    45    38
 1357   230    65
 1358   128   132
 1359    20   234
 1360    96    48
 1361   181   210
 1362    65   105
 1363    35   106
 1364    36   191
 1365    34   219
 1366    67   231
 1367   216    67
 1368   167   170
 1369   227    48
 1370   133   118
 1371   152    11
 1372   175   174
 1373   180   124
 1374   134    89
 1375    79   102
 1376   150    19
 1377    62   225
 1378   150    24
 1379   152   148
 1380    94   190
 1381    24   119
 1382   223   194
 1383   175   182
 1384   120   106
 1385   125   132
 1386    96   154
 1387   119    26
 1388   101   117
 1389   175   174
 1390   193    99
 1391    11    41
 1392   192   177
 1393   201     2
 1394   128   189
 1395   204   122
 1396   144   129
 1397   149   165
 1398   177    27
 1399   229   189
 1400   140   131
 1401   150   179
 1402   146   129
 1403   177    39
 1404   142    37
 1405    54    57
 1406   167   153
 1407   193   182
 1408   190   230
 1409   189   104
 1410     7    99
 1411    43    87
 1412   181     4
 1413    13    77
 1414    29    59
 1415    99    77
 1416   227    53
 1417   103   177
 1418    23   123
 1419   205   133
 1420    23    27
 1421    27   212
 1422   174   115
 1423   192   210
 1424   170   234
 1425    28    35
 1426    87   127
 1427   100    44
 1428   108     7
 1429   192   128
 1430    67   137
 1431   196   158
 1432   132   228
 1433   217   114
 1434    76     1
 1435   233    54
 1436   100    88
 1437   201   175
 1438     1   226
 1439   140    97
 1440    90    65
 1441   125   148
 1442   149   100
 1443   132   185
 1444    40   109
 1445   214   213
 1446    32   202
 1447   137   100
 1448    13   132
 1449    50   150
 1450   200   195
 1451     1   208
 1452   136    62
 1453   225    58
 1454   232    58
 1455   203    46
 1456   208   195
 1457   120    77
 1458    56    71
 1459   190    33
 1460    22    76
 1461   219   159
 1462    83   137
 1463   170   206
 1464   140   137
 1465   184   166
 1466    15    43
 1467   218   119
 1468    57    94
 1469   173   162
 1470    64   189
 1471   114   198
 1472   162   151
 1473     9    51
 1474   129    23
 1475    99   169
 1476   218   134
 1477   223    56
 1478    60   210
 1479   122   229
 1480   166   178
 1481   217   156
 1482    45    15
 1483   136   108
 1484   141   112
 1485   178    45
 1486   188   185
 1487   140     9
 1488     4   203
 1489    72   167
 1490   102    68
 1491   182    68
 1492    47   157
 1493   206   140
 1494   152    82
 1495    69   205
 1496    74   165
 1497    39    22
 1498   163   107
 1499    86   187
 1500    93    76
 1501   128   205
 1502   216    22
 1503   202   207
 1504   156     5
 1505   221   132
 1506    21    99
 1507    44   139
 1508   110   231
 1509   196   209
 1510   114    56
 1511   164    25
 1512   210   152
 1513   204   223
 1514   196   214
 1515   136    32
 1516   189   158
 1517   211   113
 1518   201   187
 1519   191   219
 1520   204    15
 1521   132    94
 1522   145   123
 1523   236   102
 1524    20   209
 1525   193    88
 1526   146   173
 1527    83    38
 1528   132   112
 1529   166   107
 1530   181   224
 1531   151   234
 1532    92    69
 1533    91    97
 1534    46    12
 1535   109    33
 1536    29    79
 1537   133    41
 1538   215    96
 1539   111   205
 1540   214   192
 1541   121     6
 1542    72   160
 1543   201   191
 1544   137   170
 1545   127     3
 1546   120   186
 1547   215   114
 1548   227   203
 1549   164    37
 1550   167    98
 1551   208    99
 1552   147    90
 1553    64     2
 1554    77   183
 1555   196   139
 1556   123   174
 1557    93   170
 1558   177    57
 1559    55   182
 1560   145   220
 1561   225    29
 1562   171   231
 1563   131   107
 1564   118    34
 1565    15   194
 1566    16   196
 1567    17    83
 1568   178   196
 1569   126    63
 1570   161    16
 1571    60   101
 1572    90   208
 1573   191    64
 1574    96     9
 1575   164    28
 1576    91   223
 1577    79    35
 1578    77    56
 1579   188    34
 1580   229   196
 1581    74   118
 1582    34   175
 1583   191    53
 1584    85   221
 1585    69   210
 1586   235    90
 1587   215    46
 1588   118   181
 1589   152   156
 1590   109    51
 1591   224    48
 1592    56   143
 1593   124    63
 1594   171    60
 1595    61    19
 1596    48   195
 1597    86   123
 1598   223     5
 1599   199   107
 1600   193    57
 1601     6   202
 1602   145   225
 1603   208   119
 1604    20   107
 1605   177    98
 1606   221     4
 1607   137    16
 1608   229    76
 1609     6    83
 1610    11   199
 1611   203   166
 1612   150    60
 1613    40   120
 1614    62    17
 1615   217    47
 1616    26     8
 1617   213    43
 1618   229   173
 1619    95   236
 1620   148    37
 1621   212    18
 1622   223    87
 1623    44   105
 1624   131     5
 1625   208   194
 1626    19   186
 1627   149    22
 1628    57   147
 1629   230   101
 1630     8   157
 1631    88    81
 1632   140   166
 1633   194   165
 1634   186   139
 1635   165   125
 1636    21   226
 1637   174   181
 1638   163   180
 1639   152   106
 1640    53    40
 1641   226    97
 1642   231    48
 1643    20   107
 1644    35   216
 1645    74    66
 1646    47   229
 1647    81   215
 1648   171     3
 1649    70   148
 1650     9   119
 1651    50   169
 1652    85    24
 1653    32   226
 1654   133    84
 1655   211   128
 1656   102   216
 1657   235    46
 1658   181   142
 1659   151   167
 1660   128   227
 1661    30    11
 1662   130    65
 1663   143   115
 1664   142    78
 1665    15   217
 1666    29   124
 1667   133   136
 1668   218    57
 1669   100    60
 1670   218    59
 1671   233    87
 1672    29    84
 1673    13    70
 1674   175    91
 1675    99   200
 1676    74    96
 1677   127     8
 1678   181     6
 1679    42    61
 1680    98   153
 1681   166    34
 1682   218   150
 1683   167    96
 1684   205    39
 1685    68   101
 1686    29   227
 1687   167   215
 1688   207    30
 1689   155   194
 1690   100    35
 1691    68    95
 1692   203    43
 1693    10   122
 1694   157   104
 1695    91    34
 1696   147   150
 1697   188   109
 1698    32    73
 1699   235   167
 1700   214   172
 1701    70    89
 1702     2    66
 1703    88    91
 1704   104   216
 1705   109   149
 1706   157    67
 1707    37   159
 1708   156   156
 1709    26   220
 1710   153   102
 1711   154   106
 1712    45   114
 1713    59     1
 1714    83    30
 1715    74   138
 1716   200    33
 1717    56   106
 1718   205    16
 1719    45   120
 1720    11    83
 1721   127    63
 1722    32   118
 1723   102     9
 1724    25   230
 1725    42    50
 1726    37    56
 1727   206   125
 1728    95   169
 1729    41    58
 1730   116     5
 1731    35   220
 1732    32    74
 1733    17   169
 1734   183   120
 1735   198   133
 1736    34   191
 1737    25   172
 1738    11   153
 1739     8    13
 1740    10    75
 1741    80   164
 1742   129    50
 1743   144    18
 1744   203   199
 1745   164   228
 1746   234   125
 1747   199    50
 1748   190   203
 1749   136    99
 1750    59    90
 1751   150   171
 1752   235   144
 1753    15    84
 1754    38    75
 1755    59   158
 1756   118    97
 1757    14    54
 1758   198    89
 1759   143   118
 1760    15    12
 1761   138    15
 1762    66   170
 1763   129    12
 1764    94   212
 1765   187   111
 1766   142   191
 1767   213    58
 1768   131    34
 1769   189   128
 1770    23   220
 1771    54    33
 1772    59   173
 1773   210   204
 1774   223    57
 1775    52   173
 1776   231   136
 1777   177     4
 1778    19    41
 1779   134    69
 1780    96   152
 1781     8    73
 1782    78   210
 1783   201   217
 1784    65    89
 1785   223   174
 1786    12   113
 1787   113    34
 1788   111    11
 1789    11   143
 1790   172    37
 1791    83    46
 1792   101    55
 1793    95    58
 1794   232   121
 1795    97    22
 1796   159   185
 1797   173   113
 1798    73   195
 1799   167   101
 1800    55    65
 1801    69    28
 1802   140   193
 1803   205   136
 1804    54   180
 1805   212   218
 1806   142    25
 1807    11    94
 1808    87   141
 1809    70   229
 1810   192    34
 1811     7    59
 1812    68   138
 1813   193   183
 1814    18    19
 1815   109   202
 1816    35   145
 1817   151   117
 1818   228   133
 1819   126   108
 1820    54   110
 1821   159    48
 1822   224     9
 1823   172    76
 1824   214    69
 1825   112    21
 1826    68   101
 1827   235   155
 1828   111   194
 1829   236    32
 1830   182   214
 1831   171    35
 1832   158   159
 1833   221    13
 1834   102   132
 1835   115   162
 1836    25    73
 1837   163    11
 1838   226   131
 1839    19   169
 1840   106    21
 1841    52   150
 1842   118    21
 1843   158    23
 1844   204   106
 1845   122   210
 1846    80   214
 1847    44   185
 1848   156    93
 1849    72    68
 1850    72     3
 1851    29   185
 1852    53   167
 1853   228   107
 1854   112    32
 1855   131    37
 1856    63   203
 1857    98     4
 1858   149    23
 1859   108   219
 1860   215    35
 1861   206     3
 1862    64     6
 1863    81    84
 1864   157    97
 1865    46   143
 1866   173     8
 1867    39   114
 1868   211   159
 1869    94   186
 1870    31   186
 1871   121   204
 1872   101   137
 1873    25   236
 1874   110   170
 1875    12    74
 1876   151   111
 1877   218   138
 1878   146   123
 1879   161    75
 1880    96   101
 1881   164    84
 1882    94    18
 1883   202    89
 1884    42   129
 1885    57   185
 1886   118    64
 1887   229   101
 1888    15    17
 1889   147   112
 1890    83    22
 1891   138    85
 1892   113   227
 1893     1    59
 1894   143    87
 1895    37   167
 1896   122   142
 1897   186   105
 1898   210   130
 1899    89    81
 1900     9   120
 1901    52    57
 1902   157   127
 1903    26    57
 1904    10   172
 1905   155   214
 1906   154   228
 1907     4   135
 1908   117   199
 1909   111   230
 1910   109   174
 1911    52     8
 1912    31    56
 1913   181    61
 1914   201   119
 1915   121    19
 1916    11    66
 1917   205   185
 1918   144   234
 1919    57   195
 1920   218    42
 1921    25   141
 1922   198   236
 1923    55    90
 1924   159   175
 1925    44   167
 1926   219   162
 1927   235    17
 1928   215    95
 1929   171    80
 1930    35    98
 1931   154   102
 1932   149   161
 1933   131    57
 1934    44   189
 1935   137   208
 1936    58   179
 1937   189   153
 1938    16    24
 1939   117     3
 1940   146   211
 1941   120    91
 1942   190    49
 1943    34   207
 1944   209    15
 1945     5    74
 1946   121   233
 1947   231   172
 1948   143   106
 1949   162    49
 1950   180    33
 1951   107    64
 1952   100   227
 1953   226   158
 1954    63    94
 1955   122   105
 1956    63    98
 1957    19   197
 1958    96    79
 1959   172   170
 1960   139   204
 1961   232   120
 1962    58    51
 1963   224     2
 1964   108   193
 1965   162    33
 1966   141    94
 1967    98   154
 1968   122   177
 1969   146    57
 1970   207    90
 1971     5   118
 1972    30    26
 1973    65     4
 1974   216   115
 1975   225    57
 1976    43   150
 1977   122   204
 1978   106    69
 1979    10    51
 1980   194    74
 1981    32   153
 1982   205    78
 1983   174    19
 1984   217   199
 1985   152    44
 1986     4    99
 1987   183    55
 1988    95    57
 1989   106    54
 1990   138    41
 1991   186    93
 1992   177   120
 1993   229   148
 1994   101   218
 1995   189    69
 1996   171   129
 1997   122    82
 1998    54    55
 1999   173    51
 2000   213   172
 2001   224   109
 2002    75   149
 2003    35   104
 2004   146   209
 2005   162   127
 2006    23   150
 2007    83   197
 2008   167   144
 2009   191    50
 2010    96    71
 2011   228    69
 2012     4   226
 2013    73   219
 2014    72     1
 2015   121   150
 2016   221   195
 2017    10   211
 2018    27    25
 2019    58    76
 2020    82    80
 2021   110    41
 2022   109    26
 2023   111   223
 2024    56   144
 2025   174   196
 2026   126   163
 2027    43    59
 2028   133   145
 2029   161   168
 2030   133    75
 2031   158   143
 2032   231    74
 2033   210   146
 2034    92    98
 2035   103   108
 2036    60   227
 2037   188    69
 2038    59   183
 2039   178    76
 2040   215   166
 2041   112    94
 2042    52   138
 2043   147    50
 2044   165    42
 2045   110    93
 2046    15   109
 2047    57     6
 2048   105    15
 2049    44    78
 2050    22   137
 2051   131   183
 2052    40    26
 2053    89   144
 2054    82   119
 2055   229   219
 2056    93    92
 2057   235    42
 2058   156    97
 2059    40   231
 2060    73   148
 2061   176   114
 2062   185   136
 2063   161   185
 2064    76    71
 2065   197    31
 2066    38    29
 2067    86   198
 2068   174   157
 2069     9    77
 2070     4    58
 2071   204   158
 2072    49   183
 2073   114   149
 2074   200   215
 2075   149     1
 2076    58    69
 2077   156   175
 2078   151    95
 2079    23    78
 2080   187    78
 2081   203    82
 2082   207   206
 2083   203    77
 2084   217    88
 2085    64    24
 2086   116    46
 2087    58   178
 2088   177   167
 2089   168    12
 2090   143     1
 2091    83   233
 2092   101   151
 2093   228    65
 2094    34    87
 2095   110   165
 2096   232   224
 2097   111   190
 2098   233   149
 2099   186   144
 2100    11   227
 2101    51    37
 2102   202   146
 2103   168    67
 2104    27    88
 2105    55   118
 2106    54    94
 2107     9   143
 2108    49    91
 2109   177   194
 2110   181    91
 2111    55   156
 2112    97    21
 2113   181    42
 2114    45   149
 2115   204   122
 2116   194    30
 2117    96   112
 2118   118    95
 2119   101   180
 2120   108   170
 2121   174    70
 2122    19   130
 2123   208    18
 2124    89    90
 2125   196   124
 2126   220   183
 2127   170    81
 2128   107   221
 2129    85   188
 2130    82   207
 2131    89   108
 2132   194    21
 2133    68    57
 2134   181    91
 2135   150   197
 2136   228    81
 2137   112     3
 2138   200   118
 2139   199   164
 2140   124   154
 2141    95     2
 2142   183   236
 2143     2   232
 2144    90    96
 2145   164   100
 2146   224    86
 2147   104    89
 2148   233    55
 2149    76    41
 2150    78    66
 2151    50   212
 2152    99    48
 2153   203   234
 2154   165     1
 2155    95    38
 2156    11    92
 2157    87   204
 2158    83   141
 2159   152    63
 2160   145    29
 2161    88   128
 2162   119    10
 2163   141    90
 2164   137    26
 2165   198    67
 2166   162   107
 2167   218   219
 2168   108   213
 2169   202    64
 2170    24   143
 2171    71    47
 2172    81    36
 2173   193   102
 2174   195   174
 2175   175   152
 2176   125   142
 2177    34   161
 2178    36   160
 2179    29   231
 2180    16   172
 2181   156    90
 2182    63    66
 2183   202    55
 2184    53   142
 2185   201    34
 2186   143   201
 2187   180   145
 2188   228   182
 2189    67    37
 2190   235    40
 2191    19    47
 2192    75    29
 2193   195    40
 2194   230   143
 2195   144    23
 2196   147    26
 2197    68    40
 2198   199    76
 2199    69    99
 2200   220   153
 2201    52   234
 2202    69   131
 2203   202   180
 2204   154   149
 2205    23   219
 2206   188   159
 2207    86   166
 2208   121   156
 2209   229   224
 2210   185    28
 2211    77   171
 2212   113     5
 2213   216   221
 2214   114    44
 2215   235    48
 2216   169   200
 2217    47   218
 2218    11    76
 2219    59   130
 2220   100   167
 2221   147    78
 2222    49   210
 2223   145    14
 2224   151   133
 2225   101   197
 2226   126    10
 2227   189    47
 2228   189    51
 2229   230   195
 2230   166    22
 2231   217   134
 2232    98    64
 2233   178   149
 2234   139   192
 2235   234   169
 2236   162   199
 2237   105   161
 2238     2   193
 2239   178   226
 2240   103    73
 2241   144   187
 2242    44   177
 2243    55    78
 2244   134   149
 2245   160   215
 2246    85    19
 2247    42   145
 2248   137   229
 2249   121   215
 2250   107   128
 2251   201   174
 2252    36   192
 2253   112   228
 2254    19   112
 2255    53   232
 2256    31     4
 2257   196   182
 2258    51    94
 2259    24   233
 2260   205    63
 2261   193   150
 2262   154    39
 2263   127   208
 2264   108   235
 2265   188   121
 2266   115    83
 2267   156   228
 2268     1   175
 2269    23   171
 2270   133    80
 2271   206   189
 2272   100   226
 2273    27    78
 2274   115   144
 2275   135   148
 2276    74   205
 2277   188    19
 2278   169   192
 2279    40    75
 2280    72   102
 2281   183   185
 2282   113    73
 2283    25    92
 2284   183    33
 2285    40   147
 2286    75     1
 2287   183   225
 2288   122   207
 2289    39    16
 2290   213   100
 2291    25    50
 2292   173    86
 2293   195   170
 2294   131   160
 2295   224   172
 2296   128   182
 2297   114   101
 2298    51    99
 2299   141   142
 2300   100   100
 2301    10    26
 2302   137   106
 2303   127   163
 2304   180    75
 2305   214   178
 2306   104   169
 2307   225    28
 2308     5    40
 2309    65   223
 2310   127    99
 2311   220   193
 2312    55    39
 2313    65    15
 2314   164   152
 2315   162   117
 2316    45   233
 2317    96   194
 2318   168   167
 2319    64    64
 2320    96   181
 2321    19    46
 2322   184   167
 2323   192    98
 2324    83    21
 2325    89   230
 2326   233   196
 2327   119   178
 2328   116    49
 2329   228    33
 2330   185   205
 2331    80    30
 2332   153   184
 2333    88   202
 2334    31     9
 2335    38   123
 2336   220   183
 2337    85   207
 2338    90    23
 2339    50    35
 2340   115    55
 2341   205   164
 2342   162    39
 2343   126    97
 2344    36   103
 2345    91    90
 2346   236    25
 2347   206    41
 2348   114   105
 2349     9   230
 2350   118   115
 2351   190   165
 2352   133   211
 2353   158    73
 2354    89    76
 2355    66     8
 2356   109   108
 2357    44   187
 2358    44   165
 2359    72   220
 2360    99    83
 2361   154   163
 2362   191   116
 2363   213   161
 2364   134   220
 2365   131   150
 2366   209    17
 2367   227   158
 2368    62   139
 2369     1    53
 2370   141    71
 2371    48     9
 2372    56   202
 2373   110   197
 2374    49   101
 2375   130    47
 2376   172    83
 2377   222   142
 2378   217   199
 2379   148   119
 2380   158   168
 2381   146   214
 2382    89    48
 2383    67    98
 2384     5     5
 2385    49    73
 2386   130    83
 2387   213   101
 2388   234   163
 2389    23   145
 2390   189    16
 2391    11   104
 2392   137     8
 2393   209    53
 2394    39   194
 2395    92   186
 2396   109    95
 2397    78    59
 2398   125   191
 2399    43   184
 2400   116   174
 2401   140   227
 2402   153   177
 2403   145   185
 2404    49   120
 2405    39   123
 2406   114    61
 2407   112   201
 2408   156    74
 2409   120   154
 2410   104   115
 2411   112    76
 2412    61    24
 2413   166    35
 2414    77   167
 2415   225   153
 2416   228    55
 2417    97   130
 2418    33    44
 2419   123    97
 2420    70   149
 2421   110    27
 2422    90   208
 2423   176    78
 2424   198    37
 2425   167   199
 2426    40   200
 2427    49   223
 2428   208     2
 2429    84   180
 2430   230   147
 2431   209    68
 2432   205   122
 2433   220   138
 2434   102   232
 2435    91   148
 2436    76   182
 2437    51   165
 2438    16   178
 2439   164    29
 2440   135   229
 2441    83    39
 2442   187   133
 2443    50   155
 2444   107   202
 2445   219    21
 2446    35   135
 2447   138    38
 2448    71   104
 2449   165   111
 2450    56    98
 2451    47   155
 2452     5    22
 2453   128    62
 2454   145    94
 2455    31   192
 2456     2   146
 2457     6    18
 2458   194   125
 2459    16   229
 2460    54   133
 2461   167   118
 2462    52   176
 2463   125   195
 2464    65     8
 2465    64    57
 2466   204   105
 2467   204    61
 2468   215    95
 2469   141    21
 2470    68    29
 2471    70     7
 2472   164    28
 2473    26   189
 2474   220   216
 2475    47   217
 2476    53   169
 2477   200   159
 2478   181   174
 2479   117    95
 2480   236   160
 2481    13   188
 2482   113   173
 2483   197   220
 2484   203   172
 2485    88    13
 2486    81    54
 2487   185   111
 2488   206   231
 2489   193   234
 2490   133   211
 2491   194    35
 2492    39    63
 2493   234   177
 2494    31   131
 2495    99    33
 2496   188    63
 2497   168    13
 2498   116    27
 2499   187   221
 2500   153    32
 2501    82   144
 2502   152   129
 2503   151   204
 2504    73    58
 2505    73    83
 2506   153   185
 2507   125   210
 2508   229    35
 2509    98    18
 2510    69   157
 2511    50   105
 2512    41    24
 2513   157   167
 2514   203    63
 2515   105   215
 2516   228   197
 2517   139    22
 2518    61    11
 2519    32     6
 2520   216     3
 2521   220    71
 2522   189     7
 2523   193   223
 2524   167   221
 2525    90    32
 2526   175   208
 2527   175     5
 2528    79   229
 2529    36   210
 2530   152   207
 2531     8    44
 2532   110   101
 2533   187     1
 2534   209   183
 2535   145   224
 2536   185   204
 2537   120   142
 2538   144   119
 2539   234    97
 2540    13   116
 2541    79   230
 2542   181   103
 2543     1   151
 2544   233   176
 2545    81   102
 2546    86   225
 2547    71   197
 2548    37   181
 2549   206   166
 2550    91   230
 2551    10     7
 2552   226   179
 2553   159     4
 2554    91   168
 2555    75   158
 2556    38   198
 2557    33   208
 2558   128   182
 2559    97   183
 2560   156    78
 2561    24    11
 2562   142   165
 2563   224    82
 2564     6   161
 2565    80   186
 2566   216   103
 2567   154    35
 2568   153   146
 2569    83   213
 2570    12    48
 2571   129   207
 2572    28   162
 2573    28   146
 2574   191   122
 2575    30    15
 2576    40    12
 2577   165   233
 2578   102   114
 2579   155   226
 2580   196    69
 2581    58    12
 2582    86   222
 2583    58    43
 2584    74   142
 2585    38   218
 2586   129   219
 2587   103   195
 2588   169   103
 2589    53   181
 2590    74    54
 2591   169   129
 2592   141    84
 2593    48   181
 2594    49   104
 2595   149   197
 2596    37    97
 2597    14    40
 2598    83    40
 2599   141    16
 2600    19    11
 2601    46   133
 2602    45   225
 2603   206    92
 2604   234   187
 2605   218   163
 2606   194    71
 2607   170   166
 2608   110    23
 2609   229    77
 2610     4    12
 2611   109   153
 2612   163   101
 2613   233   202
 2614    99   124
 2615   132   113
 2616   230   225
 2617    94   204
 2618   185   223
 2619   213    35
 2620   194   184
 2621    80   170
 2622   206   144
 2623   152    93
 2624   124   233
 2625   120    59
 2626   120   117
 2627   204    44
 2628   183    33
 2629    44   186
 2630   216   107
 2631    50    11
 2632   120    60
 2633   145   218
 2634   111     1
 2635    93   175
 2636   115    91
 2637     4   189
 2638    22    89
 2639   155    95
 2640   143   158
 2641   174   102
 2642   122   208
 2643   126    67
 2644    37    69
 2645   117   224
 2646    12   172
 2647   176    14
 2648    57   148
 2649    25   155
 2650   109    93
 2651   137   101
 2652    67   156
 2653   220    88
 2654    99   171
 2655   232    15
 2656    11     1
 2657   113   170
 2658   225    52
 2659   198   189
 2660   201   220
 2661    21   221
 2662   130    43
 2663   105   218
 2664   133    24
 2665   153    51
 2666   123   118
 2667    58    45
 2668   223   115
 2669    45   203
 2670   139   125
 2671   211   111
 2672    68   228
 2673    74    28
 2674   110   101
 2675   173   219
 2676   130   116
 2677   153   107
 2678   143   101
 2679    54   202
 2680    91    30
 2681    77   190
 2682    35   189
 2683   179    43
 2684    55   140
 2685   212    46
 2686   188   191
 2687    55   141
 2688    13   165
 2689   189   226
 2690   108   228
 2691   118   117
 2692   201   183
 2693    63   196
 2694    69     6
 2695   114   122
 2696    41   109
 2697   165    29
 2698   191     4
 2699   193   190
 2700    94   111
 2701   179    33
 2702   118   138
 2703   188    41
 2704   151    46
 2705   211   126
 2706   199   104
 2707   169   167
 2708    18   110
 2709    33   199
 2710    98   148
 2711   102   208
 2712   201   132
 2713   181    15
 2714   146    39
 2715    15   210
 2716   161    96
 2717   216   113
 2718    87    38
 2719    28   125
 2720   186    49
 2721   206   182
 2722    31     2
 2723   211   180
 2724    21   174
 2725   209    93
 2726   193   129
 2727   142   210
 2728    15   204
 2729    64    51
 2730    41   225
 2731    58   177
 2732   157   118
 2733    89    21
 2734   121   214
 2735    20   219
 2736   162   171
 2737   100   104
 2738    60   153
 2739   136   228
 2740   113    85
 2741   113   156
 2742   215    89
 2743     8   105
 2744    73    85
 2745   204   135
 2746   190     6
 2747    86    37
 2748   207   167
 2749   172   229
 2750   163   122
 2751     3    15
 2752   130   161
 2753    31    43
 2754   191    41
 2755     3   185
 2756   200   180
 2757    39   221
 2758   215   235
 2759   139    64
 2760    73    48
 2761   112   231
 2762   231   126
 2763   106    54
 2764     6   217
 2765   140   217
 2766   214   154
 2767   130    30
 2768    83    53
 2769    69    72
 2770   203    67
 2771    37    45
 2772   112   191
 2773   161    17
 2774    53   127
 2775   201   224
 2776   108   163
 2777   156   201
 2778    60   118
 2779    38   106
 2780   125    14
 2781    16    89
 2782   224    51
 2783     8   192
 2784    29    48
 2785    12    73
 2786    77    42
 2787   118    44
 2788    26    77
 2789   126   127
 2790   113   214
 2791    43   213
 2792    94     6
 2793    36   158
 2794    23   150
 2795    23    51
 2796   183    52
 2797    38   205
 2798    79   197
 2799   138   233
 2800    88    74
 2801   174    15
 2802   220    83
 2803    12   136
 2804     1   104
 2805   181    23
 2806   180    39
 2807   112   130
 2808   135   167
 2809    84   143
 2810   130   205
 2811   213   190
 2812   137   208
 2813    53   130
 2814    35    35
 2815   199    84
 2816    20    78
 2817   205   235
 2818   131   197
 2819    34   155
 2820    47   175
 2821   116    37
 2822   113   110
 2823   228    96
 2824    35   137
 2825   229   235
 2826   140    83
 2827    39   202
 2828   103   218
 2829    32    86
 2830    86    33
 2831    73   182
 2832   200    30
 2833   227   148
 2834    85   149
 2835   122   121
 2836    18    17
 2837    18   149
 2838    96   204
 2839   176   107
 2840   173   112
 2841   157    14
 2842    86    29
 2843   234    24
 2844   216    26
 2845   157    91
 2846     2    88
 2847    76   122
 2848   157   149
 2849    47    70
 2850    35   182
 2851    12    16
 2852     7    76
 2853    39   128
 2854   113   153
 2855    72    38
 2856   102   155
 2857   229    76
 2858    42    70
 2859    97   175
 2860   198    12
 2861   143   172
 2862   182    75
 2863   165    38
 2864   151   146
 2865     8    49
 2866   159    84
 2867   229   162
 2868   125   166
 2869    42    36
 2870   133   152
 2871   203    30
 2872   210   164
 2873   217    69
 2874    62     6
 2875   129    21
 2876   167   160
 2877     6   133
 2878   147   118
 2879   216   119
 2880   134   155
 2881    68   145
 2882    12    55
 2883   137   147
 2884    50    44
 2885   181   191
 2886    19   221
 2887   174    43
 2888   120    49
 2889    41   217
 2890   105   170
 2891   101   192
 2892   184   102
 2893    70   199
 2894   151   154
 2895    36    12
 2896    89   126
 2897   138    83
 2898    15   189
 2899    99     1
 2900   108    67
 2901   163    68
 2902   183   152
 2903    80    20
 2904   158    27
 2905   202    49
 2906    84    45
 2907   202    84
 2908   116   149
 2909    46   232
 2910   228   214
 2911   157   143
 2912    90   236
 2913     1   134
 2914   186    79
 2915    19   137
 2916   208   229
 2917   160   211
 2918   234     2
 2919    94   210
 2920    50   147
 2921   174   172
 2922   190    48
 2923   139    31
 2924   129   187
 2925   208    98
 2926    17   199
 2927    24    73
 2928   103    29
 2929    39   169
 2930   215   115
 2931    90    46
 2932    90    31
 2933   168    16
 2934    83   155
 2935   160   137
 2936   205   183
 2937    62    49
 2938   127   154
 2939   181   186
 2940    41    10
 2941   215   228
 2942   227   140
 2943    41   197
 2944   201   185
 2945   143   170
 2946   109    60
 2947    64   186
 2948    46     5
 2949    67   155
 2950   206    21
 2951   236   152
 2952   211   192
 2953   214   230
 2954    43    76
 2955   155    68
 2956    61   120
 2957    11    22
 2958   197   201
 2959    47    32
 2960    95   184
 2961   101   136
 2962    57    39
 2963   204    58
 2964    59    46
 2965    17   205
 2966   116    79
 2967   173   204
 2968   183   225
 2969    71   159
 2970   147    81
 2971   130   235
 2972   125   171
 2973    52    36
 2974   123   203
 2975    23    42
 2976   191    42
 2977    81   228
 2978   138     3
 2979   119   214
 2980   171   148
 2981   150   177
 2982   235   230
 2983   145   225
 2984     6    16
 2985   179   130
 2986   114   225
 2987    34   152
 2988   169    36
 2989    54    58
 2990   137   102
 2991    56    75
 2992   119    51
 2993   235    56
 2994   204   145
 2995   196   133
 2996   236    26
 2997    98    62
 2998    85    28
 2999   220   106
 3000    36   192
 3001   136    52
 3002    40    69
 3003   186    75
 3004   156   147
 3005   153    60
 3006    24   172
 3007   143   158
 3008   204   102
 3009   155   154
 3010   111    56
 3011   172   120
 3012   118   207
 3013   197    50
 3014   134   217
 3015    51   112
 3016   153   141
 3017   152    10
 3018   201    64
 3019   118    59
 3020    75   200
 3021    70   119
 3022   231    87
 3023   231    19
 3024   157   109
 3025    33   208
 3026    60    24
 3027   134   198
 3028    35   181
 3029   191   104
 3030   176   227
 3031    42   191
 3032    25   226
 3033   233   167
 3034    18   126
 3035   183   169
 3036    10     3
 3037    35   110
 3038    46    11
 3039    93    40
 3040   236   202
 3041    57   136
 3042   150    98
 3043    23   193
 3044   181    50
 3045    28   229
 3046   201    53
 3047    12   170
 3048   123   209
 3049   101   167
 3050   118   140
 3051     1   148
 3052   101    56
 3053   173    36
 3054    98   131
 3055   128   199
 3056    95   171
 3057    47   121
 3058    49   145
 3059   174   158
 3060   213   231
 3061    85   123
 3062   144   204
 3063   117    30
 3064   125   124
 3065    78   206
 3066   210   202
 3067   203    81
 3068   127    82
 3069   192   156
 3070   125    99
 3071   141   229
 3072   147    90
 3073   195   144
 3074   181    17
 3075   116    52
 3076   155   192
 3077   172   200
 3078    14   138
 3079   135   138
 3080   232   176
 3081    98   212
 3082   124   230
 3083    70    36
 3084   170    75
 3085   180    47
 3086   149   180
 3087   175   137
 3088    84   188
 3089   153   111
 3090    47   227
 3091    52     9
 3092    19   141
 3093    86   123
 3094    73   231
 3095   107   139
 3096    99    49
 3097   143   206
 3098   206    35
 3099    97   213
 3100   204    10
 3101    50    86
 3102   218   213
 3103    87    16
 3104   166     1
 3105   157     7
 3106   110   155
 3107   163   126
 3108    97   162
 3109   131   120
 3110   219    42
 3111    63   149
 3112   173    43
 3113    16   146
 3114    83   114
 3115   216    75
 3116    30   226
 3117    40    18
 3118   230    35
 3119   221    10
 3120   164    93
 3121    27   141
 3122   134    83
 3123   173    94
 3124   208   123
 3125    92    39
 3126   127   159
 3127    95   136
 3128   225   222
 3129    32   110
 3130   200   149
 3131   141   147
 3132    27   192
 3133   155   101
 3134     3    81
 3135    64    42
 3136    92   216
 3137   204   200
 3138   180    26
 3139    81    14
 3140   113   132
 3141   115    20
 3142    18   110
 3143    54   227
 3144    28   218
 3145   125   109
 3146   211    59
 3147    69   156
 3148   149    68
 3149   184    89
 3150   108   135
 3151   200   157
 3152    36    34
 3153   218   108
 3154   103    17
 3155   235   134
 3156    52   105
 3157   225    79
 3158    35    49
 3159    61    99
 3160    50    83
 3161    94    11
 3162   194   193
 3163   211    67
 3164   182   207
 3165    29   105
 3166   150   142
 3167    78   151
 3168   112    83
 3169    90   137
 3170   111    70
 3171   148    82
 3172    84   109
 3173   127   129
 3174    34   205
 3175   104    11
 3176    75   185
 3177   179   116
 3178   129    74
 3179   180   112
 3180   167   139
 3181   203    13
 3182   140   133
 3183    10    63
 3184   222    79
 3185   136   231
 3186    60   145
 3187   236   101
 3188    11    78
 3189     7    88
 3190   127    56
 3191    65    20
 3192   170   223
 3193   143    81
 3194    58    39
 3195    79   142
 3196   152   197
 3197   219   233
 3198    18    84
 3199   207   198
 3200   172    69
 3201   181   235
 3202    19    24
 3203   174   155
 3204    27    26
 3205   175   194
 3206   159    13
 3207   187    54
 3208    72   163
 3209   128   216
 3210   199    43
 3211    22    78
 3212   152    48
 3213    27   122
 3214   196    44
 3215    18   103
 3216    71   107
 3217   203    19
 3218    67   166
 3219   163    62
 3220    37   154
 3221    81     6
 3222   233   225
 3223   104   129
 3224   193    23
 3225    13   195
 3226    35   126
 3227   133   176
 3228   125    98
 3229    33   130
 3230   206   209
 3231    62   152
 3232   167   191
 3233   183   105
 3234   152    72
 3235    10    84
 3236   172   235
 3237   175   169
 3238   157     3
 3239   208   216
 3240   113   144
 3241    50    89
 3242   235    17
 3243   217    44
 3244   133    26
 3245   127   115
 3246    13   118
 3247   135   183
 3248   208   110
 3249   186   216
 3250   167    16
 3251   148   222
 3252   226    87
 3253    71    65
 3254   140    31
 3255   140   215
 3256   128   159
 3257    43    18
 3258   225    80
 3259   118    57
 3260   109   199
 3261   179    48
 3262   157    95
 3263    15    80
 3264   149    56
 3265   130    32
 3266    51    50
 3267    24   191
 3268    37    51
 3269    35   115
 3270   224   230
 3271   132   128
 3272     9     6
 3273    12    14
 3274     7    21
 3275   211    99
 3276     8    15
 3277   212   125
 3278   100   208
 3279   219   184
 3280   184   189
 3281    41   217
 3282   124   225
 3283    59   192
 3284   214   155
 3285   181   188
 3286   228   192
 3287   107    49
 3288   129   142
 3289   113   149
 3290     5   126
 3291   232   228
 3292     4     4
 3293   165    14
 3294    96    46
 3295    70   127
 3296   175     9
 3297   173   220
 3298    30     9
 3299    60    57
 3300    29    30
 3301   163    75
 3302    85   215
 3303    53   103
 3304    44    67
 3305   142   132
 3306   181   231
 3307   134   118
 3308   179   187
 3309    36    92
 3310    72     5
 3311   174   125
 3312   106    20
 3313    28   139
 3314    42    74
 3315   228    85
 3316   158    94
 3317   128    64
 3318   196   182
 3319    31    17
 3320   138   228
 3321   227   177
 3322    13    59
 3323   217   153
 3324    10    97
 3325   100   125
 3326   172   132
 3327    59   157
 3328   139   102
 3329    40    28
 3330    15     1
 3331    42    45
 3332   176   166
 3333    16    79
 3334   118   222
 3335   213    36
 3336    10   167
 3337   124   110
 3338   124   146
 3339   228   115
 3340   161   180
 3341    92     7
 3342   184   179
 3343    22    20
 3344    64   175
 3345    31    14
 3346     1   206
 3347   235   125
 3348    20    93
 3349   150    64
 3350    43   173
 3351   158    28
 3352   178    11
 3353   157   222
 3354    31    68
 3355    80    46
 3356    83   193
 3357    94    29
 3358   177   107
 3359     6    62
 3360   235   190
 3361   112   177
 3362   185    52
 3363    10   208
 3364   182   145
 3365   144   132
 3366   117    98
 3367   219   204
 3368    52   103
 3369    99   161
 3370   140   111
 3371    12    50
 3372    22   152
 3373   173   123
 3374   226   123
 3375   116   182
 3376   218    45
 3377   234    77
 3378    74   187
 3379   216   235
 3380   202   104
 3381    65    45
 3382    50    86
 3383    35     9
 3384   145   221
 3385   140    19
 3386   117    52
 3387    37   197
 3388    28   156
 3389    65    73
 3390   188   215
 3391   236    21
 3392   169   210
 3393    71   186
 3394   144    76
 3395   101    34
 3396   164    27
 3397   141   133
 3398    37   168
 3399   143    55
 3400    92   219
 3401    41   149
 3402    89   129
 3403   198    57
 3404    70   167
 3405   198   123
 3406   234   172
 3407   153   226
 3408   102   207
 3409   118    89
 3410    71    58
 3411     4   228
 3412   231   207
 3413   132   143
 3414    58   225
 3415   158    97
 3416   211    15
 3417   138   125
 3418    65   105
 3419   164   214
 3420   220    72
 3421   187   194
 3422   195    41
 3423   191   202
 3424     3   134
 3425    87    28
 3426   180   205
 3427    17    50
 3428   132   146
 3429    85   187
 3430    70   220
 3431   105    48
 3432    60    79
 3433    64   233
 3434   108    53
 3435    62   133
 3436    41   190
 3437    58   164
 3438   214   159
 3439   215   205
 3440     5    16
 3441   173   201
 3442   170   162
 3443    82   203
 3444   215    65
 3445    14   137
 3446   236   217
 3447   215   100
 3448    20    80
 3449     5   172
 3450   150   176
 3451   213   106
 3452   178   191
 3453   126   227
 3454   140   145
 3455    77   202
 3456   184   133
 3457    54    31
 3458    93    89
 3459    68    65
 3460   120    19
 3461    58   161
 3462   108    25
 3463    53   120
 3464   146   138
 3465   174    82
 3466    47   206
 3467   192    29
 3468    95    49
 3469    91   162
 3470    35   107
 3471   120   223
 3472   188    73
 3473    81   170
 3474    57   176
 3475   125   170
 3476   142   126
 3477     5   164
 3478   230   235
 3479   154    41
 3480   164    37
 3481   232   175
 3482     4   200
 3483    96   137
 3484   120   177
 3485    61   105
 3486   134    90
 3487    37    53
 3488   140   192
 3489   194    30
 3490    51    73
 3491    41   182
 3492    30    29
 3493    31   153
 3494   131    92
 3495   171   210
 3496   228    52
 3497   193   123
 3498    60    14
 3499   217   223
 3500   117    28
 3501    96   232
 3502   213    90
 3503   131   235
 3504   225   169
 3505    81   112
 3506   142    12
 3507    83    74
 3508     8   212
 3509    80   191
 3510    98    51
 3511   212   181
 3512    59    17
 3513   114   107
 3514   199   118
 3515    61   119
 3516   109   128
 3517    36    40
 3518   141   193
 3519    15   235
 3520    91   154
 3521   162   126
 3522    55   148
 3523   132    74
 3524   120   194
 3525   213   136
 3526    71   208
 3527    92    20
 3528   205   219
 3529   104   177
 3530   185   171
 3531    31    36
 3532   121   234
 3533   185   115
 3534    21    81
 3535   172    54
 3536     2     6
 3537   205    42
 3538   120   177
 3539    31    26
 3540   194   176
 3541    84   119
 3542   223   144
 3543   179    59
 3544    38    61
 3545    49   139
 3546    47   114
 3547   105    91
 3548    85   161
 3549   180   155
 3550    97   138
 3551    11   215
 3552   209   152
 3553    14   191
 3554   183    36
 3555   165   137
 3556     9    99
 3557   102    81
 3558    49    46
 3559   114   135
 3560    37   213
 3561   115    96
 3562    80   213
 3563   224   151
 3564   145   123
 3565   131   203
 3566    54   191
 3567   187   195
 3568   126    70
 3569   105    73
 3570    71   156
 3571   165   196
 3572    66   233
 3573    63    96
 3574    53   167
 3575    49    44
 3576    43   161
 3577    45    88
 3578    25    63
 3579    35   233
 3580    73   139
 3581   155    43
 3582   163   140
 3583    41   226
 3584   223    54
 3585   150     8
 3586   173   182
 3587   180   174
 3588   229   139
 3589   143   198
 3590   127   186
 3591    47    14
 3592   200   206
 3593   170   160
 3594   160    81
 3595   114   129
 3596    52   132
 3597    92   123
 3598   212   130
 3599   196    99
 3600   201   113
 3601    61    53
 3602    67    93
 3603    70   220
 3604   110    85
 3605   114    42
 3606     8   171
 3607    93     4
 3608   180    24
 3609    24    10
 3610   147   106
 3611   175   219
 3612    83    84
 3613   199   184
 3614     9   164
 3615    65   167
 3616    99    39
 3617    14   102
 3618    40    45
 3619   218   182
 3620   184   143
 3621   197   208
 3622   211    35
 3623   118   179
 3624   183    16
 3625   109   224
 3626    29   191
 3627   195   118
 3628    34   129
 3629   110   124
 3630    39    67
 3631    44    66
 3632    67   152
 3633     6   121
 3634   221   235
 3635    20   164
 3636   176    85
 3637   126    52
 3638    88   133
 3639   211    34
 3640   232   179
 3641    71    28
 3642   155   219
 3643   140   183
 3644   220    25
 3645   230   213
 3646   160     6
 3647    36    79
 3648   219   144
 3649    51   113
 3650   219   170
 3651   105   117
 3652    38    35
 3653   106   214
 3654   132   118
 3655   131    70
 3656     8   136
 3657    29   192
 3658   191    22
 3659    54   117
 3660    51   198
 3661   215    25
 3662   119   197
 3663    49    43
 3664    84     3
 3665   134   230
 3666   179   122
 3667   133    34
 3668    90    12
 3669   202    66
 3670    22   113
 3671   139   219
 3672   103   186
 3673   187    67
 3674   131   205
 3675   128   217
 3676   233    49
 3677    74   218
 3678   201    29
 3679   192   110
 3680    74     5
 3681    71   180
 3682   204   108
 3683    71    78
 3684   216   234
 3685   200    57
 3686   150   123
 3687    18   137
 3688    21   213
 3689    88   233
 3690   151   207
 3691   215   167
 3692   215   186
 3693    53     8
 3694   164    69
 3695   177    47
 3696   128   165
 3697    83   115
 3698   227    56
 3699   123   162
 3700   135   112
 3701    62   145
 3702   116   142
 3703    77    35
 3704   173   112
 3705   162    39
 3706   109    97
 3707    31    34
 3708   181    37
 3709    74    61
 3710   231   234
 3711    67   155
 3712   196   193
 3713   120   175
 3714   199   137
 3715   138   186
 3716   108    65
 3717    82    80
 3718   209   141
 3719    99    38
 3720   176   201
 3721    36   215
 3722     3    78
 3723   187   203
 3724   114   114
 3725    59   142
 3726    74   154
 3727    91     2
 3728   220    67
 3729   119   101
 3730   192   151
 3731   232   133
 3732   127   210
 3733    46    13
 3734   112    33
 3735    85   105
 3736   178    46
 3737   142   195
 3738    88   234
 3739   163   222
 3740   128    77
 3741    46    76
 3742   142   144
 3743    40   183
 3744    53   185
 3745   161    36
 3746   138    27
 3747   196   184
 3748    40   155
 3749   188   140
 3750    89   228
 3751    71   125
 3752   175   117
 3753    68    14
 3754    57    66
 3755   188   118
 3756     9    85
 3757    13   130
 3758    10   114
 3759    90    35
 3760   122     1
 3761   188    24
 3762   189    56
 3763   159   207
 3764    23   193
 3765   182   178
 3766   132    66
 3767   116   102
 3768   175    12
 3769   182   224
 3770   228   161
 3771    13   148
 3772   230    64
 3773   230    64
 3774    22    84
 3775    19     5
 3776    77    32
 3777   102    13
 3778    18   142
 3779   200   161
 3780   107    46
 3781   226     1
 3782   182   122
 3783    76    35
 3784    45   156
 3785    24    17
 3786   171   108
 3787     3   216
 3788    70   104
 3789    95   138
 3790   182    14
 3791   100   215
 3792    84   194
 3793    65   155
 3794   132   222
 3795    96   155
 3796    41   170
 3797   106   151
 3798   154    12
 3799   236   137
 3800   234    97
 3801   198   193
 3802    38     2
 3803    22    38
 3804    43   231
 3805   122    96
 3806     3    58
 3807   160   162
 3808   140   115
 3809    71   210
 3810   228   111
 3811   114     1
 3812   121   199
 3813   145   135
 3814   133   105
 3815    88    32
 3816   190    67
 3817   108   137
 3818     7    39
 3819   149   201
 3820     7    95
 3821    38   150
 3822    72   133
 3823    33     9
 3824    89    35
 3825   158   223
 3826   101   106
 3827    39    74
 3828   218   116
 3829   130   177
 3830   117   148
 3831    83   184
 3832   117    26
 3833   110    23
 3834   124   168
 3835   209   169
 3836   163   181
 3837    38    93
 3838    77   173
 3839   131   198
 3840    74   110
 3841   116    17
6639028
