50
    1    14     5
    2     6     6
    3    16     8
    4    12     1
    5     9     2
    6    17    15
    7    17     3
    8    15     5
    9     6    15
   10     2    12
   11    11     9
   12    19     1
   13     7     2
   14    18    14
   15     7    18
   16     4    14
   17    14    15
   18     6     2
   19    14     7
   20    13     4
   21    13    19
   22    11    13
   23     8     2
   24    20    12
   25    17    14
   26    14    18
   27    20    16
   28    19     5
   29    14    15
   30    16     9
   31    17    19
   32    16    17
   33     8    17
   34    19    19
   35     7     2
   36     9     7
   37    17     2
   38    11    10
   39     6    18
   40     7    20
   41    12     5
   42    13     7
   43     1    12
   44     3    15
   45    18    13
   46     3     8
   47     4     7
   48    16     3
   49     4     9
   50     9    14
252
