501
    1    23    23
    2    17    17
    3     3     3
    4     2     2
    5     9     9
    6    35    35
    7    50    50
    8    31    31
    9    35    35
   10     5     5
   11    57    57
   12    68    68
   13    68    68
   14    45    45
   15    59    59
   16     7     7
   17    52    52
   18    18    18
   19    25    25
   20     6     6
   21    11    11
   22    42    42
   23    18    18
   24     6     6
   25    51    51
   26    62    62
   27    67    67
   28    13    13
   29    28    28
   30    26    26
   31    60    60
   32    71    71
   33    20    20
   34     1     1
   35     7     7
   36    61    61
   37    24    24
   38     6     6
   39    45    45
   40    53    53
   41    12    12
   42    21    21
   43    31    31
   44    10    10
   45    51    51
   46    31    31
   47    54    54
   48    59    59
   49     4     4
   50    44    44
   51    39    39
   52    34    34
   53    25    25
   54    43    43
   55    31    31
   56    43    43
   57    45    45
   58    29    29
   59    14    14
   60    20    20
   61     9     9
   62    24    24
   63    67    67
   64    59    59
   65    27    27
   66    15    15
   67    44    44
   68    42    42
   69    19    19
   70    15    15
   71    40    40
   72    16    16
   73    27    27
   74    28    28
   75     4     4
   76    18    18
   77    59    59
   78    66    66
   79    54    54
   80    15    15
   81    62    62
   82    71    71
   83    41    41
   84    49    49
   85    53    53
   86    45    45
   87    37    37
   88    22    22
   89    30    30
   90    38    38
   91    18    18
   92    38    38
   93    41    41
   94     8     8
   95     1     1
   96     8     8
   97    38    38
   98    32    32
   99    47    47
  100    45    45
  101    22    22
  102     2     2
  103    47    47
  104    30    30
  105    52    52
  106    30    30
  107    43    43
  108    40    40
  109    40    40
  110    15    15
  111    63    63
  112    69    69
  113     8     8
  114     6     6
  115    34    34
  116    39    39
  117    43    43
  118    27    27
  119     1     1
  120    14    14
  121    68    68
  122    51    51
  123    10    10
  124    41    41
  125     7     7
  126    29    29
  127    58    58
  128    49    49
  129    35    35
  130    38    38
  131    19    19
  132    72    72
  133    60    60
  134    20    20
  135    46    46
  136    65    65
  137    19    19
  138    64    64
  139     9     9
  140    65    65
  141    29    29
  142    68    68
  143    61    61
  144     2     2
  145     5     5
  146     4     4
  147    22    22
  148    17    17
  149    71    71
  150    10    10
  151     8     8
  152    29    29
  153    34    34
  154    65    65
  155    66    66
  156    40    40
  157    16    16
  158     3     3
  159    26    26
  160    11    11
  161    37    37
  162     6     6
  163    53    53
  164    33    33
  165    34    34
  166    33    33
  167    65    65
  168    61    61
  169    69    69
  170    20    20
  171    65    65
  172     8     8
  173     7     7
  174    45    45
  175    51    51
  176    66    66
  177     9     9
  178    55    55
  179    34    34
  180    18    18
  181    68    68
  182     5     5
  183     4     4
  184    17    17
  185    20    20
  186     5     5
  187    39    39
  188    56    56
  189    55    55
  190     7     7
  191    28    28
  192    42    42
  193    64    64
  194    52    52
  195     8     8
  196    43    43
  197    43    43
  198    12    12
  199    19    19
  200    64    64
  201    12    12
  202    64    64
  203    55    55
  204    33    33
  205    41    41
  206    14    14
  207     7     7
  208    49    49
  209    32    32
  210     2     2
  211    41    41
  212    70    70
  213    54    54
  214    57    57
  215    42    42
  216    68    68
  217    54    54
  218    57    57
  219    20    20
  220    60    60
  221    50    50
  222    37    37
  223    62    62
  224    49    49
  225    48    48
  226     5     5
  227    40    40
  228    67    67
  229    44    44
  230    65    65
  231    34    34
  232    60    60
  233    46    46
  234    14    14
  235    64    64
  236    32    32
  237    40    40
  238    57    57
  239    12    12
  240    42    42
  241    15    15
  242    41    41
  243    56    56
  244     2     2
  245    19    19
  246    49    49
  247    30    30
  248    10    10
  249    36    36
  250    67    67
  251    46    46
  252     8     8
  253    67    67
  254    40    40
  255    59    59
  256    29    29
  257    58    58
  258    59    59
  259    34    34
  260    60    60
  261    49    49
  262     6     6
  263    72    72
  264     6     6
  265     6     6
  266     3     3
  267    31    31
  268    66    66
  269    48    48
  270    69    69
  271    61    61
  272    11    11
  273    56    56
  274    64    64
  275    26    26
  276    17    17
  277    53    53
  278    18    18
  279    35    35
  280    65    65
  281    10    10
  282    61    61
  283    24    24
  284    16    16
  285    46    46
  286    37    37
  287    30    30
  288    11    11
  289    48    48
  290    43    43
  291    25    25
  292    42    42
  293    45    45
  294    44    44
  295     2     2
  296     2     2
  297    32    32
  298    68    68
  299    25    25
  300     2     2
  301    28    28
  302     4     4
  303    16    16
  304    38    38
  305    41    41
  306    27    27
  307    67    67
  308    23    23
  309    65    65
  310    32    32
  311    55    55
  312    27    27
  313    37    37
  314    61    61
  315    46    46
  316    72    72
  317     9     9
  318    71    71
  319    68    68
  320    20    20
  321    72    72
  322    50    50
  323    50    50
  324    25    25
  325    69    69
  326    25    25
  327    21    21
  328    44    44
  329    40    40
  330    60    60
  331    33    33
  332    52    52
  333    42    42
  334    58    58
  335    15    15
  336     7     7
  337    13    13
  338    53    53
  339    16    16
  340    24    24
  341     2     2
  342    46    46
  343    61    61
  344    29    29
  345    64    64
  346    29    29
  347    21    21
  348    29    29
  349    62    62
  350     2     2
  351    50    50
  352    63    63
  353    61    61
  354    58    58
  355    72    72
  356    61    61
  357    53    53
  358    41    41
  359    11    11
  360    40    40
  361    50    50
  362    46    46
  363    20    20
  364    21    21
  365    19    19
  366    36    36
  367    71    71
  368    28    28
  369    56    56
  370    28    28
  371    12    12
  372    25    25
  373    21    21
  374    72    72
  375    72    72
  376    11    11
  377    47    47
  378    35    35
  379    24    24
  380    66    66
  381    41    41
  382    28    28
  383    10    10
  384    55    55
  385    43    43
  386     1     1
  387    47    47
  388    35    35
  389    48    48
  390    55    55
  391    57    57
  392    41    41
  393    51    51
  394    16    16
  395    61    61
  396     7     7
  397    70    70
  398    46    46
  399    12    12
  400    15    15
  401     6     6
  402    67    67
  403    12    12
  404    61    61
  405    62    62
  406    11    11
  407    62    62
  408    57    57
  409    54    54
  410     1     1
  411    12    12
  412     4     4
  413    63    63
  414    62    62
  415     1     1
  416     7     7
  417    22    22
  418    33    33
  419    12    12
  420    14    14
  421    59    59
  422    72    72
  423    51    51
  424    44    44
  425    14    14
  426    44    44
  427    32    32
  428    48    48
  429    69    69
  430    27    27
  431    66    66
  432    54    54
  433    59    59
  434    62    62
  435    27    27
  436    72    72
  437    56    56
  438    51    51
  439     1     1
  440     2     2
  441    25    25
  442    37    37
  443     4     4
  444    38    38
  445    44    44
  446     7     7
  447    43    43
  448    20    20
  449    35    35
  450    40    40
  451     3     3
  452    51    51
  453    26    26
  454     7     7
  455    60    60
  456    13    13
  457    54    54
  458    40    40
  459    26    26
  460    52    52
  461    36    36
  462    71    71
  463    13    13
  464    10    10
  465    20    20
  466    57    57
  467    53    53
  468    63    63
  469    56    56
  470    51    51
  471    47    47
  472    60    60
  473    28    28
  474    18    18
  475    52    52
  476    36    36
  477    20    20
  478    41    41
  479    52    52
  480    66    66
  481    36    36
  482     8     8
  483    14    14
  484    12    12
  485    64    64
  486     9     9
  487    66    66
  488    31    31
  489     1     1
  490    63    63
  491    30    30
  492    13    13
  493    33    33
  494    71    71
  495     1     1
  496     2     2
  497    51    51
  498    48    48
  499    31    31
  500    53    53
  501    34    34
145800
