586
    1     9    69
    2    54    25
    3    67    13
    4    78    75
    5    12    12
    6     6    40
    7    33    20
    8    14    36
    9    42    21
   10    39    45
   11    57    58
   12    24    74
   13    53    35
   14    57    47
   15    43     6
   16    37    75
   17    47    26
   18    52    77
   19     2    11
   20    45    17
   21    60     1
   22    27    72
   23    22    30
   24    19    69
   25    56    33
   26    67    75
   27    17    39
   28    19    17
   29    27    11
   30    16    49
   31    13    21
   32    78    33
   33    35    57
   34    15     2
   35    65    65
   36    60    74
   37    71    24
   38    55    21
   39    56    76
   40    54    32
   41     3    63
   42    25    65
   43    25    34
   44    56    54
   45    39    23
   46    19    12
   47    57    44
   48    56    13
   49    53    70
   50    51    43
   51     8    20
   52    61    72
   53    60    19
   54    35    12
   55    45    74
   56     9    46
   57    74     3
   58     1    67
   59    37    37
   60    65    55
   61    51    72
   62    71    79
   63    69    55
   64    25     5
   65    19    66
   66    72    18
   67     4    52
   68    79    62
   69    13    25
   70    72     2
   71    63    50
   72    79     4
   73    56    22
   74     8    14
   75    10     7
   76    27    70
   77    75    27
   78    58    77
   79    37    48
   80    22    22
   81    53     4
   82    67    34
   83    74     2
   84    72    73
   85    19    32
   86    21     3
   87    34    51
   88    48     9
   89    17    30
   90    78    68
   91    41    12
   92    59    63
   93    17    24
   94    57     3
   95    11    37
   96    18    24
   97    59     6
   98    20    66
   99    20    10
  100    19    57
  101    41    11
  102    26    37
  103    73    28
  104    65    27
  105    10    52
  106    16    38
  107    45     3
  108     2    27
  109    38    41
  110    67    72
  111    54    67
  112    59    18
  113    35    23
  114    30    68
  115    62    33
  116     6    44
  117    75     8
  118    63    36
  119    40    78
  120    26    58
  121     7    70
  122    24    79
  123    79    63
  124    75    26
  125    17    21
  126    65    16
  127    59    75
  128    59    46
  129    54    48
  130    55    19
  131    27    59
  132    30    12
  133    29    27
  134    69    73
  135    65    66
  136    16    60
  137    74    39
  138     2    17
  139    24    64
  140     5    58
  141    29    33
  142    49    63
  143    57    62
  144    55    67
  145    54     4
  146     4    18
  147    74    67
  148    29    48
  149    53    28
  150    66    55
  151    16    77
  152    67    31
  153    37    23
  154    62    62
  155    34    76
  156    51     6
  157     5    65
  158     7    24
  159    66    28
  160    79    62
  161    26    42
  162    18    43
  163    33    41
  164    33    76
  165    20    58
  166    56    22
  167     5    72
  168    63    32
  169    45    74
  170    16    56
  171     5    72
  172    17    29
  173    43    77
  174    60    28
  175    54    28
  176    60    13
  177    21    41
  178    44    22
  179     2    18
  180    62    41
  181    35    65
  182    21    40
  183    65    59
  184    29    70
  185    72    48
  186     9    77
  187     1    13
  188    48    16
  189    17    31
  190    74    26
  191    24    64
  192    54    55
  193    34    74
  194     9    36
  195    27    19
  196    21    63
  197    42    74
  198    63    27
  199    68    58
  200    72     7
  201    58    45
  202    64    63
  203    16    24
  204    75    18
  205    40    49
  206    23    62
  207    60    41
  208    42    36
  209    32     5
  210    11    29
  211    59    56
  212    11    42
  213    14    62
  214    14    12
  215    18    78
  216    57    10
  217    62    43
  218    33    27
  219    46    34
  220    15    15
  221    34    48
  222    17    30
  223    33    37
  224    11    41
  225    75     7
  226    24    69
  227    37    18
  228    42    56
  229    76    58
  230    56    17
  231    41    63
  232    79    56
  233    22    34
  234    38    45
  235    69    17
  236    19    49
  237    13    58
  238    45    49
  239    74    66
  240    43    66
  241    73    36
  242    15    79
  243     3    60
  244    18    36
  245    68    55
  246    72    55
  247    39    11
  248    37    27
  249    22    46
  250    23    74
  251    11    53
  252    46    25
  253    68    65
  254    15     1
  255    71    49
  256    15    29
  257    23    47
  258    74    53
  259    15    12
  260    62    79
  261    47    46
  262     5    76
  263    34    26
  264    71    26
  265    41    54
  266     2    63
  267    57    45
  268    40    45
  269    54    74
  270    72    36
  271    54    57
  272    46    20
  273    73    52
  274    66    27
  275    62    34
  276    71     6
  277    59    18
  278    64    59
  279    28    68
  280    47    34
  281    18     5
  282    14     3
  283    79    26
  284    24    21
  285     7    73
  286    14    62
  287    41    58
  288    15    31
  289     3    64
  290     4    59
  291    27    67
  292    64    26
  293    35    50
  294     9    46
  295    77    48
  296    46     1
  297    10     9
  298    12    61
  299    70    37
  300    68    19
  301    29    72
  302    68    58
  303    73    30
  304    21    67
  305    32    49
  306    18    16
  307    39    40
  308    66    52
  309    75    55
  310    69    57
  311    50    75
  312    43    57
  313    60    17
  314    58    62
  315    12    16
  316    26    72
  317    34    52
  318    19    13
  319    39    19
  320    47    51
  321    67     9
  322    27     8
  323    54    23
  324    68    68
  325     8    48
  326    22    37
  327    40    74
  328    21    57
  329    24    62
  330    11    41
  331    33     2
  332    48    14
  333    39    70
  334    73    17
  335     1     7
  336    79    79
  337     2    61
  338    58    42
  339    66    40
  340    44     5
  341     5    49
  342    73    22
  343    25    59
  344    18    51
  345    32    75
  346    37    21
  347    28    73
  348    50    46
  349    55    52
  350    61    63
  351    64    48
  352    25    48
  353    68    48
  354    52    41
  355    56    60
  356    71    24
  357    24    67
  358    64    50
  359    10    28
  360    24    74
  361    59    70
  362    18    11
  363    26    57
  364    34    64
  365    73    43
  366    60    25
  367    68    27
  368     1    66
  369    43    69
  370    30    22
  371    49    60
  372    23    65
  373    66    52
  374    44    74
  375    26     4
  376    35    79
  377    13    36
  378    65    77
  379    29    35
  380    24    71
  381    17    10
  382    43    41
  383    18    58
  384    43    16
  385    79    26
  386    33    74
  387    59    26
  388    46    13
  389    75    60
  390    41    37
  391    12    23
  392    31    68
  393    44    50
  394    43    56
  395    53    51
  396    11     5
  397    65    43
  398    50    74
  399    13    72
  400    15    29
  401    33    10
  402    43     4
  403    67    31
  404    67    77
  405    78    13
  406    28    64
  407    51    44
  408    75     7
  409    72    12
  410    33    21
  411    73    31
  412    34    56
  413    10    42
  414    43    65
  415    26    60
  416    20    13
  417    74    58
  418    28    76
  419    15    43
  420    79    27
  421    23    21
  422    67    26
  423    14    42
  424    65    52
  425     7    37
  426    72    26
  427    42    70
  428    75    62
  429    29    29
  430    22    16
  431    61    27
  432    38    35
  433    18    50
  434    39    67
  435    75    35
  436    26    38
  437    28    74
  438     2    45
  439    24    61
  440    77     6
  441    14    40
  442    19    46
  443    42    57
  444    71    60
  445    13    51
  446    14    72
  447    11    63
  448    71     2
  449    31    62
  450    48     5
  451    66    43
  452    64    67
  453    24    18
  454    76    59
  455    64    22
  456    20    64
  457    46     4
  458     9    35
  459    36    57
  460    43    56
  461    35    37
  462    19    75
  463     9    43
  464    61     3
  465     9    53
  466    34    11
  467    60    41
  468    20    30
  469    21     3
  470    39    67
  471    27    35
  472    72    41
  473    10    79
  474    10    63
  475    79    20
  476    20    70
  477    78    42
  478    27    45
  479    37    79
  480    51    29
  481    44    17
  482    68    39
  483     8    48
  484    79    72
  485    72    21
  486    55    41
  487    15    38
  488    55    64
  489     1    32
  490    47    31
  491    64    79
  492    26    23
  493    48    42
  494    44     4
  495    60     8
  496    71    73
  497    32    51
  498    42    46
  499    63    43
  500    66    15
  501     3    33
  502    19    40
  503    76    61
  504     6    19
  505    29    77
  506    54    39
  507    35     8
  508     9    15
  509    41    50
  510    20    32
  511    79     1
  512    57    21
  513    22    68
  514    38    70
  515    65    54
  516    68     9
  517    48    38
  518    64    73
  519    22    11
  520    75    23
  521    30    42
  522    43    61
  523    68    54
  524    42    43
  525    23    52
  526     4    20
  527    37    13
  528    45    29
  529    48    33
  530    70    56
  531    23    36
  532    75     4
  533     6    70
  534    79    31
  535    40    70
  536    72    49
  537    28    21
  538     1    51
  539    55    41
  540    65    46
  541     4     5
  542    76    65
  543    16    26
  544    25    12
  545    66    77
  546    13    50
  547    53    31
  548    42    17
  549    56    71
  550    39    50
  551     5    28
  552    24    11
  553    47    22
  554    37    35
  555    35    46
  556     6    48
  557    46    39
  558    20    22
  559    71    51
  560    27     9
  561    56     2
  562     8    55
  563    59    21
  564    27    43
  565    52    32
  566    25    52
  567    36     7
  568    71    66
  569     6    54
  570    33    66
  571    24    46
  572    63    54
  573    36    79
  574    38    77
  575    32    13
  576    48    53
  577    13    71
  578    42    33
  579    24     6
  580    55    42
  581     6    27
  582    77    35
  583    74    20
  584    39     9
  585    31    49
  586    76     7
206592
