685
    1    29    26
    2    16    20
    3    57    52
    4     7     5
    5    78    76
    6     1     6
    7    34    33
    8    63    70
    9    56    63
   10    80    86
   11    46    54
   12     1     1
   13    84    78
   14    32    32
   15    12    11
   16    23    21
   17    68    73
   18    80    86
   19    66    67
   20    34    40
   21    36    35
   22    27    28
   23    31    38
   24    28    29
   25    57    51
   26    30    36
   27     8    16
   28    12     4
   29     3     8
   30    78    83
   31    30    26
   32    76    72
   33    67    64
   34    57    61
   35    69    74
   36     1     1
   37    47    42
   38    63    69
   39     1     6
   40    49    41
   41    27    27
   42    37    40
   43    49    48
   44    56    52
   45    10     5
   46    61    55
   47    22    18
   48     1     6
   49    81    85
   50    47    46
   51     1     1
   52     7     2
   53    83    85
   54    11    12
   55    24    25
   56    40    46
   57     9     7
   58    55    47
   59    40    34
   60    40    32
   61    15    15
   62    44    37
   63    11     8
   64    70    73
   65    39    34
   66    57    52
   67    17    25
   68    26    33
   69    44    40
   70    13    20
   71    56    64
   72    35    42
   73    86    86
   74    33    31
   75    36    32
   76    69    77
   77     8     3
   78    77    81
   79     3     9
   80    67    71
   81    31    24
   82    35    42
   83    15    15
   84    22    22
   85    41    36
   86    85    84
   87    40    48
   88    28    22
   89    51    48
   90    40    33
   91    81    73
   92    68    67
   93     6    11
   94    83    84
   95    58    60
   96     3     9
   97    25    17
   98    78    83
   99    37    40
  100     1     2
  101    59    59
  102    72    70
  103    74    78
  104    22    22
  105    63    67
  106    70    76
  107    28    29
  108    52    47
  109    61    55
  110    30    25
  111    63    71
  112    28    23
  113    83    75
  114    61    63
  115     4     1
  116    39    35
  117    33    27
  118    14    21
  119    54    55
  120    80    85
  121    68    74
  122    81    73
  123    21    20
  124    64    65
  125    60    59
  126    38    43
  127     7     8
  128    83    84
  129    20    13
  130    29    33
  131    88    86
  132    50    43
  133    39    41
  134    13    10
  135    11     5
  136    41    44
  137    74    67
  138    37    39
  139    38    36
  140     1     8
  141     9    15
  142    21    27
  143    48    49
  144    86    83
  145    81    85
  146    70    64
  147    89    84
  148    80    85
  149    31    35
  150    86    86
  151    28    29
  152    43    41
  153     3     4
  154    54    46
  155    60    64
  156    77    76
  157    37    42
  158    47    49
  159    34    40
  160    43    51
  161    78    79
  162    44    43
  163    64    58
  164    67    66
  165    42    35
  166    25    32
  167    20    27
  168    40    36
  169    26    34
  170    30    35
  171    57    51
  172    28    36
  173    84    77
  174    73    78
  175    16    13
  176     6     1
  177    87    84
  178    59    51
  179     1     8
  180    25    26
  181    49    41
  182    25    29
  183    35    42
  184     4    10
  185    75    69
  186    76    71
  187    77    72
  188     6     3
  189    35    28
  190    36    43
  191     5     4
  192    10     7
  193    27    28
  194    46    38
  195    78    71
  196    73    76
  197    90    84
  198    13     8
  199     8     7
  200    43    47
  201    41    33
  202    47    43
  203    18    17
  204     1     1
  205    13    19
  206    71    71
  207    38    36
  208    66    74
  209    35    27
  210    23    31
  211    66    74
  212    47    42
  213    44    45
  214    24    23
  215    46    50
  216    20    25
  217    59    58
  218    62    68
  219     7     9
  220    69    66
  221    64    68
  222    19    21
  223     3     5
  224    59    64
  225    80    84
  226    20    20
  227    62    59
  228    73    75
  229    17    11
  230    29    21
  231    68    67
  232    31    30
  233    63    65
  234    20    20
  235    12     7
  236    69    64
  237    35    33
  238     7    13
  239     9     7
  240    42    35
  241    42    35
  242    47    45
  243    72    75
  244    75    75
  245    38    30
  246    61    67
  247    74    78
  248    82    86
  249    28    30
  250     1     2
  251     5     7
  252    35    37
  253    30    31
  254    32    40
  255    52    59
  256    68    73
  257    53    50
  258    46    50
  259    45    37
  260    35    35
  261    16    15
  262    77    71
  263    31    33
  264    53    53
  265    35    43
  266    26    20
  267    42    44
  268    84    86
  269    72    73
  270     3     3
  271    70    66
  272    13     9
  273    79    76
  274    68    63
  275    36    39
  276    16    18
  277    23    25
  278    51    46
  279    52    59
  280    86    84
  281    87    81
  282    77    72
  283    11    19
  284    68    67
  285    14    12
  286    16     9
  287     3     7
  288    30    33
  289    71    75
  290    25    27
  291    38    30
  292    69    62
  293    78    86
  294    59    64
  295    64    57
  296    75    67
  297    71    76
  298     7     4
  299    53    48
  300    76    72
  301    39    42
  302     9     3
  303    50    58
  304    36    41
  305    42    43
  306     5    10
  307    67    71
  308    74    77
  309    26    22
  310    23    21
  311    26    20
  312    25    28
  313    17    24
  314    79    80
  315    53    54
  316    35    36
  317     8     9
  318    49    45
  319    11     6
  320    20    17
  321    62    56
  322    61    55
  323    77    78
  324     1     2
  325    16    23
  326    59    61
  327    38    32
  328     1     9
  329    34    30
  330    66    69
  331    52    48
  332    47    53
  333    16    23
  334    83    82
  335    86    80
  336    59    55
  337    31    39
  338    53    55
  339    52    52
  340    24    24
  341    45    41
  342    53    54
  343    46    52
  344    39    40
  345    24    26
  346    33    35
  347    70    66
  348    46    50
  349    41    41
  350    57    51
  351    69    70
  352    47    40
  353    64    66
  354    10    10
  355    79    72
  356    37    45
  357    65    71
  358    93    85
  359    22    23
  360    35    40
  361    73    76
  362    77    73
  363    37    37
  364    33    34
  365    41    36
  366    10    17
  367    36    29
  368    68    70
  369    71    79
  370    23    27
  371    36    28
  372    73    80
  373    21    14
  374    53    58
  375     1     6
  376     1     5
  377    86    85
  378    83    80
  379    63    66
  380    76    75
  381    12    15
  382    66    61
  383    76    84
  384    39    35
  385    26    27
  386     1     7
  387     1     3
  388     2     2
  389     3     8
  390    14    10
  391    39    43
  392    41    43
  393     1     3
  394    75    82
  395     7     4
  396    56    53
  397    76    82
  398    36    38
  399    60    52
  400    50    53
  401    34    28
  402    10    13
  403    80    82
  404    59    55
  405    72    66
  406    81    78
  407     7     8
  408    70    76
  409    17    12
  410    32    24
  411    66    59
  412    84    85
  413    25    25
  414    93    85
  415     3    11
  416    48    46
  417    34    29
  418    35    32
  419    23    18
  420     3     2
  421    31    27
  422     1     3
  423    69    75
  424     1     6
  425    68    72
  426    54    47
  427    46    52
  428    40    36
  429    26    28
  430    90    86
  431    72    75
  432    63    56
  433    59    60
  434    37    29
  435    66    61
  436    26    27
  437    20    24
  438    18    18
  439    89    86
  440    47    51
  441    20    20
  442    61    64
  443    78    70
  444    73    80
  445    25    23
  446    37    30
  447    49    57
  448    14    19
  449    44    41
  450    39    41
  451    32    33
  452    86    81
  453    53    51
  454    29    31
  455    24    16
  456    28    28
  457    38    37
  458    83    84
  459    63    59
  460    28    26
  461    25    17
  462    54    60
  463     1     3
  464    82    86
  465    29    24
  466    82    80
  467    27    34
  468    22    16
  469    18    18
  470    15    23
  471    57    64
  472    87    83
  473    10     2
  474    51    48
  475    23    16
  476    29    37
  477    64    71
  478     2    10
  479    76    81
  480    81    77
  481    15    23
  482    48    41
  483    32    31
  484    20    20
  485     7     5
  486    68    69
  487    85    78
  488    44    48
  489    73    69
  490    56    61
  491     5     1
  492    38    43
  493    55    55
  494    25    29
  495    58    57
  496    39    42
  497    43    45
  498    22    19
  499    35    32
  500    32    40
  501    91    85
  502    60    68
  503    38    43
  504    13    11
  505    46    47
  506    36    33
  507    86    81
  508     8     7
  509    55    49
  510    69    71
  511    57    50
  512     5    12
  513    49    48
  514    18    22
  515    40    45
  516    80    86
  517    22    20
  518    55    59
  519    19    15
  520    20    24
  521    45    45
  522     9    17
  523    38    40
  524    41    44
  525    61    69
  526     6     6
  527    12     5
  528    23    30
  529    55    49
  530    72    77
  531    52    57
  532    78    78
  533    70    76
  534     1     5
  535    35    33
  536    24    16
  537    56    59
  538    50    50
  539    35    32
  540     2     2
  541    30    27
  542    63    66
  543    53    45
  544    22    20
  545    67    64
  546    14    14
  547    27    27
  548     1     2
  549    73    76
  550    44    46
  551    32    30
  552    56    61
  553    73    75
  554    70    67
  555    87    83
  556    73    65
  557    67    74
  558    13    17
  559    76    70
  560    62    67
  561    61    67
  562    27    23
  563     3    10
  564    73    76
  565    25    26
  566    77    83
  567    40    33
  568    44    43
  569    28    31
  570    13     7
  571    57    58
  572    80    77
  573    71    68
  574    29    26
  575    78    79
  576    54    47
  577    39    35
  578    42    37
  579    84    81
  580     7     6
  581    39    34
  582    44    47
  583    64    61
  584     6    14
  585    20    25
  586    62    64
  587    61    68
  588    75    68
  589    27    21
  590    63    63
  591    24    23
  592    73    77
  593    25    28
  594     4    11
  595    34    38
  596     6     1
  597    63    67
  598    42    34
  599    58    62
  600    83    78
  601    53    48
  602    27    25
  603    71    78
  604    19    25
  605    39    32
  606    44    51
  607    70    76
  608    29    33
  609    38    44
  610     9    11
  611    71    72
  612    73    71
  613    81    79
  614    52    54
  615     6    14
  616    23    22
  617    19    19
  618    21    17
  619    23    22
  620     3     2
  621     9     7
  622    41    49
  623    27    21
  624    73    68
  625    47    47
  626    68    71
  627     4     8
  628    49    43
  629    47    48
  630    79    84
  631    12    14
  632    36    40
  633    74    78
  634    78    77
  635    58    62
  636    26    21
  637    29    27
  638    32    26
  639    79    81
  640    39    41
  641    39    42
  642    60    59
  643    42    34
  644    81    76
  645    22    17
  646    71    76
  647    15    23
  648    47    46
  649    92    86
  650    73    78
  651    72    75
  652    37    32
  653    31    34
  654    70    77
  655    12     9
  656    79    86
  657    51    51
  658    25    22
  659     5     2
  660    73    73
  661    81    82
  662    46    41
  663    72    80
  664    34    36
  665     9    16
  666    22    20
  667    21    27
  668    76    73
  669    37    38
  670    53    60
  671    29    37
  672    72    75
  673     3     6
  674    62    69
  675    29    35
  676     7    10
  677    30    33
  678    80    74
  679    40    34
  680    71    72
  681    54    59
  682    61    54
  683    39    44
  684    16    13
  685    61    63
268866
