78
    1    19    19
    2    25    25
    3     5     5
    4    24    24
    5    25    25
    6     5     5
    7    26    26
    8     5     5
    9    21    21
   10     7     7
   11     5     5
   12    18    18
   13     6     6
   14    13    13
   15     7     7
   16    13    13
   17    24    24
   18    20    20
   19    11    11
   20    10    10
   21     1     1
   22    26    26
   23    20    20
   24    14    14
   25    21    21
   26     4     4
   27    13    13
   28    11    11
   29    10    10
   30    24    24
   31    24    24
   32     7     7
   33    24    24
   34    11    11
   35     1     1
   36    23    23
   37    26    26
   38    10    10
   39    21    21
   40    13    13
   41    26    26
   42     7     7
   43    15    15
   44    12    12
   45     7     7
   46     5     5
   47     2     2
   48    15    15
   49     6     6
   50    22    22
   51    13    13
   52    20    20
   53     1     1
   54     1     1
   55    23    23
   56    19    19
   57    25    25
   58    15    15
   59    10    10
   60     8     8
   61    17    17
   62    16    16
   63    13    13
   64    13    13
   65    19    19
   66    13    13
   67     8     8
   68    14    14
   69    25    25
   70    15    15
   71     8     8
   72     2     2
   73    15    15
   74     6     6
   75     2     2
   76    16    16
   77    25    25
   78     4     4
2152
