91
    1     4    23
    2    24     8
    3     6    26
    4    14    15
    5    23    12
    6    11    17
    7     3    17
    8     1    23
    9    20     1
   10     4    26
   11     5     7
   12     5    23
   13     1    28
   14    24    20
   15    25    12
   16     2    16
   17    28     9
   18     4     4
   19    28     1
   20    11     6
   21    27     9
   22    17     3
   23    14     4
   24    10    14
   25    11    20
   26     8    24
   27    26     6
   28    21    23
   29    16    17
   30     6    11
   31    19    13
   32    22    27
   33    26    27
   34    13    13
   35    25     4
   36     3     5
   37    19     4
   38     5    16
   39     4     8
   40     1    18
   41     6    15
   42     3     1
   43    19    10
   44    21    25
   45    28    15
   46    21     2
   47    18    17
   48    14     9
   49    22    23
   50    23    16
   51    13    18
   52    20    16
   53     5    13
   54    11    16
   55    14    16
   56     8     3
   57     4     5
   58    14    10
   59    22    28
   60    21    22
   61    22    20
   62     8    14
   63    23     3
   64    19    26
   65    20    15
   66     7     8
   67    11    24
   68     3    14
   69    26    20
   70    19    25
   71    23     1
   72    13    17
   73     7    22
   74    27    19
   75    12    23
   76     8     4
   77    20    18
   78     7    11
   79    18    16
   80     1    18
   81    13     9
   82     8    13
   83    11    18
   84     8     5
   85    19     1
   86    10     1
   87    28    23
   88     5     4
   89     6    26
   90    28    11
   91    20     8
3192
