106
    1    15    16
    2    23    26
    3    32    30
    4     7     7
    5    27    24
    6    25    26
    7    22    19
    8     4     4
    9    16    15
   10     3     6
   11     1     4
   12    26    27
   13    27    28
   14    16    18
   15    20    21
   16    22    25
   17    16    19
   18     2     4
   19    16    19
   20    22    24
   21    30    29
   22    21    24
   23    19    18
   24     3     3
   25    16    13
   26    32    30
   27     5     2
   28     3     6
   29    27    28
   30     7     5
   31    21    22
   32    16    14
   33    17    20
   34    14    11
   35    18    18
   36    13    15
   37     8    10
   38     8    11
   39    25    22
   40    25    23
   41    17    19
   42    22    24
   43    16    14
   44    10    12
   45    23    21
   46     3     3
   47    12    12
   48    17    20
   49    21    23
   50     4     6
   51     8     7
   52    15    14
   53    10     7
   54     2     4
   55    18    19
   56    24    24
   57    10    11
   58    20    23
   59     7     4
   60    26    24
   61    24    27
   62     7     5
   63    26    28
   64    18    21
   65    29    30
   66     4     6
   67     1     1
   68    13    11
   69    15    14
   70    11    10
   71    29    26
   72    21    20
   73    15    12
   74    29    27
   75     6     4
   76    24    27
   77    26    23
   78    20    21
   79     1     3
   80    28    27
   81    29    30
   82    26    28
   83     2     5
   84     8    10
   85     1     2
   86    29    28
   87    23    22
   88    31    30
   89     6     4
   90     5     5
   91     8     7
   92     1     1
   93     7     5
   94    32    30
   95     8    10
   96    24    25
   97    23    21
   98     1     3
   99    25    24
  100    12    12
  101    15    13
  102    12    10
  103    32    30
  104    19    16
  105    31    29
  106    13    14
5202
