124
    1    41    31
    2    22    12
    3    42    32
    4    21    11
    5    42    32
    6    15     5
    7    25    15
    8    43    33
    9    25    15
   10    20    10
   11    12     2
   12    21    11
   13    13     3
   14    12     2
   15    32    22
   16    42    32
   17    13     3
   18    27    17
   19    39    29
   20    19     9
   21    14     4
   22    32    22
   23    14     4
   24    22    12
   25    27    17
   26    31    21
   27    22    12
   28    18     8
   29    11     1
   30    11     1
   31    25    15
   32    36    26
   33    16     6
   34    26    16
   35    34    24
   36    16     6
   37    17     7
   38    36    26
   39    36    26
   40    41    31
   41    13     3
   42    33    23
   43    25    15
   44    41    31
   45    12     2
   46    23    13
   47    26    16
   48    26    16
   49    37    27
   50    28    18
   51    40    30
   52    17     7
   53    35    25
   54    30    20
   55    28    18
   56    37    27
   57    25    15
   58    11     1
   59    38    28
   60    32    22
   61    35    25
   62    15     5
   63    35    25
   64    33    23
   65    13     3
   66    30    20
   67    39    29
   68    18     8
   69    19     9
   70    18     8
   71    29    19
   72    39    29
   73    37    27
   74    16     6
   75    23    13
   76    35    25
   77    26    16
   78    33    23
   79    26    16
   80    21    11
   81    33    23
   82    30    20
   83    27    17
   84    16     6
   85    25    15
   86    24    14
   87    24    14
   88    17     7
   89    17     7
   90    12     2
   91    21    11
   92    19     9
   93    36    26
   94    33    23
   95    39    29
   96    43    33
   97    25    15
   98    20    10
   99    42    32
  100    36    26
  101    35    25
  102    17     7
  103    14     4
  104    30    20
  105    23    13
  106    27    17
  107    17     7
  108    17     7
  109    19     9
  110    18     8
  111    30    20
  112    40    30
  113    21    11
  114    20    10
  115    36    26
  116    41    31
  117    18     8
  118    27    17
  119    20    10
  120    41    31
  121    34    24
  122    16     6
  123    25    15
  124    41    31
7119
