169
    1    27    14
    2    29    33
    3     9     5
    4    11    32
    5     7    34
    6    27    27
    7     3    28
    8    21    31
    9    27     4
   10    25    20
   11     1    38
   12     6    30
   13    33    22
   14    20    23
   15    15    35
   16    22     7
   17    31    34
   18    29     9
   19     2    18
   20     3    38
   21    13     7
   22    13    16
   23    17     9
   24    36    27
   25    12    25
   26    14    32
   27    15     1
   28     1     4
   29    26    23
   30    19    20
   31    27    12
   32    18    20
   33    11    15
   34    22    15
   35    33     9
   36    27     6
   37    26    16
   38    33     2
   39    33     7
   40    31    39
   41     2    34
   42    13    14
   43     6    19
   44    10     8
   45    32    22
   46    39     7
   47     7    17
   48     9     8
   49    19    35
   50    12    26
   51    39    13
   52    34    27
   53     5     3
   54    21    23
   55    34    24
   56    13    31
   57    13     7
   58    16    11
   59    16    21
   60    10    15
   61    39    20
   62    25    28
   63     3    25
   64     9    22
   65    11    22
   66    24    28
   67     8    10
   68    12    30
   69    13    39
   70     5    16
   71    34    24
   72    31    35
   73    21    14
   74    18    38
   75    27    34
   76     4    34
   77    21     9
   78    38    36
   79    31    38
   80    11    34
   81    33    16
   82    19     9
   83    19    28
   84     2     1
   85     3    31
   86    30    33
   87     8     5
   88    31    12
   89    21    38
   90    35     5
   91    30     2
   92    15    33
   93     4     9
   94    39     1
   95     9    22
   96     5    14
   97    23    28
   98     3    28
   99     8    33
  100    34     5
  101    38    23
  102    21    16
  103    25    34
  104    38     2
  105    38    21
  106     9    20
  107    21    12
  108    30    33
  109    29    18
  110     4     3
  111     9    10
  112    17    22
  113    29    15
  114    14     8
  115    25    35
  116     8    12
  117     2    15
  118    24    35
  119     8     4
  120    21    26
  121    37    25
  122    10    22
  123    13    24
  124    37    21
  125    26     1
  126     1    15
  127    37    15
  128     6    11
  129    33    27
  130    38    24
  131     5     9
  132    27     5
  133    19    35
  134    13    28
  135    32    10
  136    30    25
  137    30     4
  138    15    21
  139    27    12
  140    20    32
  141     5    28
  142    16    37
  143    19    38
  144    10    29
  145    15    12
  146     3    18
  147    24    21
  148    17    28
  149    34    34
  150     8    33
  151    32     2
  152    31     9
  153    35    24
  154    20    30
  155    11    14
  156    28    13
  157     4    20
  158    32    15
  159     9     8
  160    13    26
  161     9    23
  162    34    33
  163    13    20
  164     4    29
  165     7     5
  166    11    17
  167    26     3
  168    36    30
  169    19     4
15183
