2399
    1    49    55
    2   130   117
    3   107   112
    4   166   158
    5    55    51
    6   172   179
    7    67    70
    8   126   113
    9   142   129
   10   183   174
   11   123   109
   12    52    49
   13   151   167
   14   110   126
   15   109   111
   16    94   106
   17    42    25
   18   144   146
   19   173   169
   20   161   149
   21    10    25
   22    50    47
   23   141   126
   24    80    94
   25    55    49
   26   144   159
   27   158   151
   28    98    85
   29   157   142
   30    74    73
   31    87    99
   32    79    96
   33   160   156
   34   126   125
   35    47    41
   36    10    17
   37   174   175
   38     1     1
   39   123   124
   40   159   147
   41   166   155
   42   128   128
   43    22    29
   44   155   143
   45    76    66
   46     7    24
   47    93    98
   48    57    52
   49   173   173
   50    97    93
   51   107    92
   52    99   112
   53   163   178
   54    50    53
   55    60    61
   56   107   108
   57   167   172
   58    23    35
   59   139   130
   60    63    73
   61   168   166
   62    65    72
   63    22    38
   64    99   106
   65   100    87
   66   156   157
   67    68    71
   68   142   147
   69   158   162
   70   112   116
   71   152   143
   72   124   117
   73   175   164
   74   103    92
   75   185   173
   76    94    87
   77   118   125
   78   170   166
   79   103   115
   80   136   147
   81    41    57
   82   133   135
   83    69    79
   84    57    46
   85   153   161
   86    33    35
   87    73    72
   88    61    61
   89   137   124
   90    21     4
   91   105   102
   92     1     2
   93    29    14
   94    56    49
   95   156   147
   96    86    77
   97   143   135
   98   151   134
   99   153   163
  100    81    67
  101    86    87
  102   141   134
  103   153   136
  104   144   135
  105   111    98
  106    10    27
  107   141   134
  108   128   139
  109   118   121
  110   182   167
  111   170   160
  112    28    39
  113     1     2
  114   112   124
  115    57    62
  116     1     2
  117    14     8
  118   100   100
  119   126   141
  120   137   147
  121    69    76
  122    34    28
  123   149   142
  124    28    35
  125    80    92
  126    28    34
  127    99   106
  128    60    66
  129   132   146
  130    51    51
  131     3     3
  132   122   138
  133    65    62
  134   106   100
  135   170   179
  136    54    51
  137   104    92
  138   161   174
  139   154   165
  140    58    69
  141    96   110
  142   163   152
  143   168   155
  144    97   107
  145    34    51
  146    59    63
  147   108    96
  148    23    28
  149    92   107
  150    14     3
  151   112   118
  152   183   169
  153    82    67
  154    20    21
  155    72    55
  156    83    93
  157   144   133
  158   145   157
  159     1     6
  160   173   156
  161    30    18
  162    58    42
  163    82    73
  164   109   101
  165   162   163
  166    48    51
  167    24    21
  168    93    76
  169    20    31
  170    38    29
  171   108   120
  172    58    48
  173    77    62
  174   180   177
  175   128   112
  176    81    92
  177    35    18
  178    18     3
  179   116   113
  180    86    97
  181   136   129
  182   108   100
  183    94    84
  184     2    19
  185     5    15
  186   110   108
  187    37    48
  188   108   116
  189    81    98
  190    21    27
  191   106   122
  192   154   149
  193    13     9
  194   126   114
  195    67    72
  196    23    12
  197   130   139
  198    46    55
  199    83    86
  200    95    93
  201    33    26
  202    29    20
  203   126   135
  204    33    36
  205   119   103
  206   125   131
  207    92   108
  208     2    16
  209    23    32
  210    79    93
  211    32    30
  212   127   125
  213   193   178
  214    26    24
  215   145   138
  216   125   142
  217   139   123
  218    32    29
  219    24    12
  220    44    52
  221   106    93
  222   136   150
  223    64    50
  224    92   103
  225    11    12
  226   153   166
  227    32    46
  228   127   126
  229   132   119
  230    34    17
  231    61    58
  232    30    16
  233   166   151
  234    21    19
  235     6     1
  236    95    82
  237   163   160
  238   114   116
  239   144   157
  240     8    14
  241   152   140
  242   126   130
  243    84    70
  244    56    68
  245   152   142
  246   131   123
  247    47    60
  248   164   160
  249    94   107
  250   163   178
  251   137   127
  252    75    72
  253   185   177
  254    53    46
  255    88    98
  256    37    37
  257   117   117
  258     1     9
  259   139   136
  260    22    38
  261     5    12
  262     2    19
  263    94    78
  264    15    31
  265    14     5
  266   114   111
  267   136   141
  268   147   139
  269    15    25
  270    23    40
  271   112   124
  272    94    97
  273    37    31
  274     7    22
  275    88    93
  276    60    66
  277    12     2
  278   129   137
  279    49    43
  280    36    38
  281    97    92
  282   129   123
  283   107   102
  284    21     8
  285    97   111
  286   131   122
  287    19     8
  288   115   101
  289    58    66
  290    57    49
  291    83    68
  292    96   102
  293    34    31
  294    74    60
  295    95    85
  296    66    62
  297   145   139
  298   173   171
  299   137   128
  300    75    61
  301    53    66
  302    49    56
  303   119   136
  304    80    63
  305    57    73
  306   127   119
  307   118   131
  308     1    10
  309     1    17
  310   131   148
  311    80    63
  312    37    34
  313     1    10
  314   124   111
  315    64    76
  316    63    58
  317   138   131
  318    42    52
  319   174   178
  320   143   156
  321    42    38
  322    42    46
  323    56    60
  324   124   108
  325    40    41
  326    97    97
  327    65    56
  328    29    33
  329    80    66
  330   123   117
  331    97    94
  332    49    57
  333    42    54
  334    98   103
  335    67    66
  336    41    35
  337    92    80
  338     1     3
  339   175   161
  340   146   157
  341    24    23
  342   158   168
  343    76    60
  344    26    24
  345    15    13
  346   132   137
  347   144   135
  348   141   158
  349    19    25
  350    65    56
  351    71    71
  352    89    76
  353   134   130
  354   118   103
  355    85    72
  356    89   102
  357    42    31
  358    18    22
  359    86    89
  360   143   137
  361   145   143
  362    12    16
  363   151   154
  364   188   176
  365   160   150
  366   102   104
  367    79    81
  368   123   111
  369    54    55
  370    48    53
  371    47    32
  372    77    93
  373   156   161
  374   100   112
  375    40    39
  376   140   150
  377    56    62
  378   127   114
  379   162   171
  380    94    84
  381   142   149
  382    22    25
  383    37    29
  384   143   155
  385    43    44
  386   163   146
  387   119   104
  388   130   129
  389    43    34
  390    12     9
  391   141   141
  392    92   103
  393    71    86
  394    84    96
  395   123   132
  396    36    41
  397    43    49
  398   120   109
  399   175   175
  400   162   154
  401   127   133
  402    80    92
  403    65    82
  404    64    80
  405    86    94
  406     1     7
  407   123   131
  408    39    30
  409   162   163
  410   110   100
  411    93    96
  412    20    34
  413   136   148
  414    72    63
  415   109   124
  416    62    46
  417    48    65
  418     1     4
  419   177   163
  420    66    58
  421    16    31
  422    68    72
  423   121   117
  424    54    71
  425    26    11
  426   146   131
  427   107   108
  428    53    43
  429   123   137
  430   113   117
  431    48    60
  432    35    34
  433    92    97
  434    92    96
  435    89    98
  436     1     6
  437    18     3
  438    19    10
  439   155   149
  440   134   134
  441    68    63
  442   154   159
  443   177   166
  444   176   174
  445   159   152
  446   130   126
  447    25    38
  448    48    45
  449    93   102
  450    41    33
  451   101    94
  452    30    22
  453   161   157
  454   102   108
  455   170   160
  456    22     9
  457   114   116
  458   166   175
  459   167   160
  460     3    18
  461    91    99
  462   120   114
  463   118   132
  464   160   169
  465    77    71
  466    25    22
  467   164   176
  468    68    76
  469   142   143
  470    67    82
  471   123   129
  472    39    28
  473   131   140
  474   127   110
  475    16    31
  476    42    42
  477    16    30
  478   141   139
  479    15    11
  480   170   163
  481   188   178
  482   160   171
  483    37    22
  484     2     3
  485   190   175
  486   171   172
  487    51    63
  488    86    82
  489   129   142
  490   130   133
  491    16    18
  492    87    89
  493   143   146
  494   134   138
  495     1     4
  496    20     8
  497    69    57
  498     5    11
  499   162   171
  500    25    14
  501   185   177
  502    60    70
  503   125   129
  504    58    46
  505    47    51
  506    90   105
  507   125   119
  508    73    59
  509   177   177
  510    14    20
  511    15    16
  512    58    47
  513    92    77
  514   153   157
  515    38    48
  516   163   177
  517    73    56
  518   156   169
  519   107    98
  520   174   167
  521    71    67
  522   109   123
  523    58    45
  524    34    45
  525   129   141
  526    82    71
  527   102   107
  528    36    49
  529   159   146
  530   130   134
  531   126   122
  532    43    39
  533    15    29
  534   148   152
  535    59    51
  536    67    82
  537    74    72
  538    26    21
  539   128   140
  540    82    92
  541   171   159
  542    19    15
  543   156   151
  544   181   177
  545    54    67
  546    60    68
  547    65    60
  548    98   112
  549   164   175
  550   173   173
  551   101    87
  552    39    45
  553   133   149
  554    42    54
  555   137   133
  556    86    78
  557    54    58
  558    59    58
  559   165   162
  560   151   145
  561    99    90
  562     6     1
  563   121   124
  564    26    11
  565   129   134
  566   150   142
  567    35    26
  568    42    58
  569   114   105
  570   107   103
  571    57    70
  572    12     9
  573   111   100
  574    73    74
  575   186   178
  576    67    67
  577    52    59
  578   139   134
  579   135   126
  580    36    25
  581    93    82
  582    33    24
  583    91   101
  584   121   127
  585    55    63
  586    66    53
  587    24     8
  588    94    85
  589    17    14
  590   132   121
  591    31    33
  592    33    27
  593    80    91
  594   176   177
  595   153   164
  596    43    45
  597   136   140
  598   109   124
  599    20    24
  600    38    38
  601    21    28
  602   151   159
  603    65    78
  604    52    43
  605    98   113
  606   110   124
  607   171   173
  608    20     9
  609   172   177
  610    19     2
  611   118   131
  612   148   150
  613    16    15
  614    50    50
  615   107   118
  616    30    16
  617   122   107
  618   101    92
  619    54    38
  620   111   106
  621    76    61
  622   122   115
  623   145   149
  624   183   175
  625   166   165
  626   139   129
  627    49    47
  628    13    26
  629   144   150
  630    62    48
  631   151   158
  632   143   150
  633   103   106
  634   156   161
  635   133   128
  636    39    32
  637   141   126
  638   149   153
  639   144   152
  640   163   149
  641   137   136
  642   169   172
  643   166   176
  644    28    37
  645   141   157
  646    55    56
  647   152   139
  648   132   134
  649   125   141
  650    54    63
  651    80    74
  652   136   137
  653    35    35
  654    89   103
  655    93    79
  656    47    31
  657   158   168
  658    76    60
  659   123   124
  660    26    31
  661   102   108
  662    57    56
  663   156   170
  664   113   111
  665    38    47
  666    88    94
  667   156   159
  668     1    12
  669    92    88
  670   144   136
  671   149   142
  672    95   100
  673   161   162
  674   143   141
  675   100    86
  676    74    59
  677   113   119
  678    51    67
  679    39    25
  680    51    48
  681    80    63
  682   188   175
  683   111   109
  684   102   109
  685   146   138
  686    17     9
  687    29    44
  688    27    40
  689    58    51
  690    90    95
  691    29    29
  692    98    98
  693    15    11
  694   168   161
  695    60    51
  696   111    98
  697   129   120
  698    13    16
  699   111   109
  700    61    58
  701    16    33
  702    20     4
  703   106   113
  704    44    46
  705   110   101
  706   159   174
  707   172   173
  708     1     2
  709   121   104
  710   129   140
  711    99    87
  712    95    88
  713   161   148
  714   141   145
  715   118   132
  716   129   138
  717    69    52
  718    21    14
  719   141   156
  720   175   169
  721    66    56
  722    83   100
  723   138   124
  724   145   155
  725    11    18
  726   115   132
  727   107   118
  728    88    90
  729   133   149
  730    44    29
  731   129   130
  732    30    46
  733    69    60
  734   168   157
  735   142   151
  736   165   157
  737    27    20
  738    35    44
  739    26    24
  740    72    79
  741    34    23
  742    35    49
  743   157   141
  744    41    42
  745    76    84
  746    11     7
  747    25    29
  748   138   152
  749   128   143
  750    18    11
  751   161   174
  752   107   107
  753   151   150
  754   181   170
  755   125   112
  756   142   153
  757   109   116
  758   155   148
  759    25    19
  760    36    49
  761   160   174
  762   141   151
  763    29    44
  764    26    32
  765    17    30
  766   158   171
  767    47    48
  768   117   109
  769    34    33
  770   176   177
  771   173   166
  772   134   131
  773   133   138
  774    99    84
  775   119   104
  776   118   123
  777   151   134
  778    94    78
  779    47    33
  780    70    59
  781    24    10
  782     2     7
  783    18    18
  784    97   107
  785    43    44
  786    44    42
  787   128   135
  788    18     1
  789    21     8
  790    79    70
  791   122   122
  792    17     3
  793    76    69
  794    63    56
  795   152   139
  796   113   126
  797    65    69
  798    47    48
  799   157   172
  800   147   144
  801    86    71
  802   128   122
  803   126   135
  804   119   116
  805   104   111
  806    15    31
  807    77    71
  808    10     4
  809    14     4
  810   106    89
  811    83    74
  812    58    58
  813   104   121
  814   122   121
  815   109   117
  816    30    40
  817   166   157
  818    43    48
  819    91    89
  820   167   164
  821    23    14
  822   164   154
  823    37    48
  824   131   118
  825   102   108
  826    85    85
  827   149   142
  828    19    35
  829   182   175
  830    87   104
  831    52    58
  832    24    16
  833    55    57
  834     6     7
  835    24    15
  836    43    50
  837    52    59
  838    45    55
  839    59    56
  840   134   144
  841   111   118
  842   125   120
  843   176   177
  844     3    10
  845   135   131
  846    98    82
  847   117   114
  848     5    17
  849   108   108
  850     1     3
  851    65    61
  852    58    61
  853   132   118
  854   144   161
  855   106   109
  856    95    81
  857    24    37
  858    83    83
  859   173   157
  860   135   138
  861   160   161
  862   133   141
  863   168   170
  864   117   101
  865    67    60
  866    81    88
  867   134   129
  868    48    48
  869    10    25
  870   117   126
  871   131   143
  872    69    65
  873    84    76
  874    13    17
  875   177   171
  876    66    56
  877   100    83
  878    53    60
  879    87    77
  880   149   150
  881   133   145
  882   100    96
  883   134   149
  884    20    24
  885   118   126
  886    52    62
  887    35    41
  888   180   169
  889   172   173
  890   117   116
  891   101    88
  892    68    82
  893    80    96
  894   163   148
  895    34    19
  896    41    29
  897    91    78
  898   152   159
  899   130   117
  900   133   140
  901    95    87
  902    61    72
  903    43    54
  904    74    85
  905    96   109
  906   172   160
  907   144   141
  908   172   168
  909   157   174
  910    43    60
  911   151   159
  912   170   154
  913   120   107
  914    46    54
  915    34    47
  916   102   119
  917   174   179
  918    93    92
  919    66    61
  920    53    43
  921    87    81
  922    19    15
  923   166   177
  924    17     8
  925   165   158
  926   146   147
  927   152   153
  928   178   178
  929   103    87
  930    32    17
  931    69    75
  932    62    66
  933    53    53
  934   160   153
  935     1     3
  936   124   128
  937    63    56
  938    78    93
  939    32    27
  940    64    52
  941    38    32
  942   157   145
  943    31    43
  944    12    20
  945    57    47
  946   121   133
  947   175   158
  948     8    10
  949    82    65
  950    46    29
  951   100    90
  952     9     2
  953    59    55
  954    35    46
  955   140   133
  956     6     1
  957    30    30
  958   142   127
  959    98    93
  960     1     3
  961   156   140
  962    92   106
  963   115   108
  964    99   114
  965    11     2
  966   133   147
  967    94    86
  968   107    99
  969    21     9
  970    86    72
  971   118   135
  972   144   127
  973    36    46
  974   125   126
  975     1     2
  976   138   125
  977   183   166
  978   144   137
  979    67    78
  980    51    60
  981    79    68
  982   108   101
  983   108    95
  984    59    48
  985   189   175
  986    78    92
  987    77    63
  988    88    74
  989    21     7
  990   113   103
  991   154   165
  992   171   169
  993   138   146
  994   162   151
  995    28    19
  996     1    12
  997    40    23
  998   165   162
  999     1     4
 1000   166   160
 1001   169   166
 1002   108   118
 1003     1     1
 1004    50    45
 1005    32    34
 1006    86    91
 1007   110   123
 1008    27    30
 1009    24    35
 1010    58    42
 1011    65    57
 1012   125   118
 1013   112   126
 1014   123   120
 1015   146   131
 1016   114   103
 1017     1     5
 1018    56    72
 1019   152   160
 1020   123   136
 1021    42    55
 1022    77    76
 1023    20    12
 1024    71    54
 1025   118   107
 1026    42    26
 1027    25    20
 1028    15     9
 1029   114   109
 1030    94    96
 1031    68    66
 1032    42    53
 1033   100   108
 1034   100   115
 1035   134   123
 1036   116   112
 1037   172   169
 1038   163   154
 1039    23     7
 1040     1     3
 1041    24    15
 1042   157   174
 1043   115   128
 1044    64    64
 1045   137   154
 1046   174   158
 1047   162   177
 1048   128   130
 1049    80    74
 1050    43    39
 1051    40    24
 1052    35    35
 1053    10     5
 1054    49    63
 1055    32    17
 1056   142   135
 1057    89    77
 1058   185   179
 1059   177   170
 1060    24    10
 1061    93    81
 1062   143   135
 1063    18    23
 1064    77    94
 1065    32    37
 1066   140   146
 1067   138   154
 1068   174   157
 1069   132   117
 1070   121   138
 1071   165   177
 1072   158   171
 1073     1     2
 1074    85    88
 1075   141   148
 1076   124   107
 1077   181   171
 1078   116   108
 1079    35    28
 1080    34    41
 1081    45    42
 1082   168   169
 1083     1     5
 1084    25    16
 1085    53    56
 1086    41    30
 1087   103   116
 1088   137   125
 1089   137   148
 1090    52    68
 1091    13     9
 1092   111   117
 1093     1    10
 1094    30    25
 1095   106   110
 1096    51    66
 1097    24    29
 1098    41    30
 1099   158   152
 1100    29    39
 1101   153   143
 1102   128   114
 1103    35    42
 1104    14    27
 1105    48    59
 1106    77    63
 1107   175   171
 1108   152   142
 1109    58    63
 1110    42    51
 1111   166   149
 1112    80    76
 1113   113   105
 1114   154   140
 1115    64    56
 1116   170   165
 1117     1     2
 1118    85    82
 1119    13    27
 1120    49    55
 1121     1     5
 1122    50    58
 1123   149   145
 1124   102   113
 1125     1    16
 1126    88    75
 1127    95    80
 1128    30    35
 1129    46    40
 1130   149   139
 1131   168   153
 1132   146   153
 1133     7     4
 1134   142   138
 1135    69    65
 1136   146   142
 1137   135   120
 1138    36    35
 1139    95    80
 1140   133   150
 1141    95    79
 1142    43    60
 1143   168   165
 1144    44    49
 1145    75    76
 1146    16    27
 1147   123   123
 1148   135   142
 1149   159   157
 1150    46    30
 1151    62    76
 1152   130   140
 1153    32    40
 1154    98   110
 1155   177   172
 1156    31    14
 1157    52    49
 1158    49    57
 1159    81    68
 1160    25    19
 1161    69    55
 1162    98   103
 1163   171   170
 1164    64    80
 1165   117   119
 1166     1     3
 1167    61    44
 1168   189   178
 1169    98   107
 1170    24    24
 1171    69    78
 1172   112    98
 1173    70    58
 1174   158   157
 1175    39    44
 1176    71    76
 1177   127   117
 1178   136   146
 1179   122   131
 1180     1     6
 1181   125   124
 1182    89    86
 1183    76    68
 1184   140   145
 1185    16     3
 1186     1     5
 1187   138   122
 1188    54    38
 1189    31    38
 1190    64    79
 1191   126   134
 1192    34    36
 1193    49    65
 1194   128   112
 1195    73    63
 1196   156   159
 1197   111   120
 1198    83    72
 1199   140   135
 1200     8     2
 1201    87    80
 1202   120   137
 1203   119   132
 1204   163   161
 1205   105   105
 1206   146   162
 1207    90    74
 1208    47    64
 1209   178   175
 1210   121   108
 1211    69    71
 1212    74    66
 1213    89    97
 1214    59    43
 1215    65    71
 1216     2    11
 1217   146   138
 1218   154   162
 1219   111   116
 1220    42    59
 1221   125   137
 1222   106    97
 1223    27    22
 1224    52    69
 1225   150   136
 1226    10    25
 1227    67    65
 1228   135   134
 1229   192   178
 1230    62    63
 1231   157   155
 1232   137   154
 1233     1     7
 1234   153   164
 1235    15     1
 1236    43    33
 1237    45    57
 1238    21    10
 1239    24    40
 1240   108    98
 1241   104    88
 1242   104    97
 1243   174   162
 1244    80    86
 1245   133   145
 1246   169   166
 1247   150   148
 1248    57    49
 1249   166   173
 1250   186   171
 1251    21    32
 1252    70    66
 1253   129   136
 1254     1     6
 1255    77    73
 1256   114   105
 1257     1     4
 1258   149   136
 1259    25    15
 1260    21    26
 1261   144   154
 1262    60    62
 1263    68    59
 1264    95    88
 1265   131   114
 1266   159   172
 1267    94    98
 1268   146   152
 1269    13    24
 1270   163   148
 1271   128   140
 1272   134   143
 1273    37    51
 1274    42    31
 1275   161   175
 1276    96   106
 1277    59    63
 1278    64    68
 1279    73    73
 1280    43    34
 1281   107    93
 1282   169   177
 1283   109    95
 1284   153   166
 1285    21    21
 1286   169   169
 1287    71    70
 1288    39    53
 1289    34    31
 1290   119   114
 1291   154   156
 1292   143   156
 1293    30    41
 1294    62    73
 1295    45    28
 1296    94    84
 1297    99    84
 1298    37    49
 1299    24    29
 1300   170   171
 1301   112   118
 1302   182   179
 1303    65    58
 1304    77    84
 1305   111    95
 1306    77    72
 1307     1    13
 1308    42    50
 1309   151   152
 1310   150   139
 1311   157   159
 1312   155   169
 1313   104   114
 1314    51    67
 1315   107    92
 1316   120   125
 1317   115   117
 1318    85    73
 1319   179   167
 1320    82    74
 1321   136   121
 1322    68    71
 1323    29    30
 1324   117   131
 1325     3     2
 1326   108    99
 1327    90   100
 1328   141   124
 1329    35    22
 1330    77    94
 1331   130   129
 1332   131   141
 1333   154   144
 1334    17    24
 1335   105   103
 1336     4    20
 1337    84    76
 1338    87    98
 1339    13    23
 1340    29    20
 1341    49    66
 1342    27    12
 1343   117   129
 1344   120   107
 1345    39    54
 1346    97    96
 1347   117   133
 1348    97   103
 1349   159   174
 1350   155   171
 1351    84    98
 1352    32    16
 1353   144   158
 1354   151   141
 1355     1     3
 1356    51    34
 1357   111   102
 1358   169   157
 1359    75    90
 1360    47    34
 1361   140   134
 1362    67    73
 1363   155   151
 1364   179   173
 1365   150   162
 1366    51    67
 1367   157   157
 1368    86    83
 1369    95    89
 1370     7     9
 1371   111   111
 1372   143   142
 1373   154   163
 1374    45    32
 1375   170   162
 1376   178   169
 1377   109    92
 1378    60    66
 1379    92    80
 1380    76    75
 1381   127   144
 1382   139   127
 1383    10    24
 1384   183   177
 1385   127   138
 1386   188   179
 1387   110   122
 1388     1    10
 1389    42    42
 1390    94   108
 1391    42    54
 1392   134   146
 1393     6    10
 1394    86    73
 1395    29    44
 1396    54    49
 1397   136   141
 1398    97   107
 1399   110   125
 1400   134   118
 1401   102   119
 1402   101   110
 1403    57    64
 1404    61    78
 1405    12    15
 1406    87    91
 1407   109    95
 1408    18    10
 1409    45    30
 1410   141   133
 1411   171   160
 1412    18    20
 1413   114   111
 1414    48    48
 1415    49    48
 1416     8    11
 1417    76    61
 1418    66    68
 1419   102   118
 1420    78    64
 1421     8    20
 1422    99   115
 1423   133   138
 1424   126   121
 1425    36    47
 1426    24     9
 1427   145   144
 1428    32    37
 1429   123   124
 1430   166   157
 1431    64    54
 1432    84    94
 1433    80    87
 1434    52    40
 1435   120   117
 1436    16     9
 1437   121   119
 1438   165   160
 1439    94    92
 1440   169   176
 1441   114    97
 1442   103   103
 1443    46    37
 1444   137   127
 1445    56    49
 1446    57    52
 1447     4    10
 1448   133   145
 1449    85    69
 1450   139   126
 1451   153   170
 1452     2     1
 1453    80    65
 1454   147   160
 1455   166   169
 1456    80    95
 1457   115   118
 1458    82    73
 1459   125   133
 1460   142   145
 1461    42    34
 1462    61    61
 1463   184   173
 1464    97   100
 1465   177   161
 1466   160   173
 1467    62    49
 1468   155   147
 1469   167   156
 1470   170   170
 1471    86    84
 1472     1     2
 1473   143   154
 1474   173   177
 1475   163   170
 1476   151   138
 1477   163   174
 1478    16    11
 1479    34    48
 1480    42    27
 1481    39    39
 1482   106   108
 1483    10     5
 1484    90    86
 1485    45    47
 1486   138   145
 1487    67    75
 1488   148   146
 1489   120   117
 1490    62    69
 1491   145   146
 1492     9    22
 1493    25     9
 1494   159   159
 1495    94   108
 1496    86    93
 1497    99    83
 1498    85    69
 1499    54    51
 1500   131   114
 1501    98   108
 1502   151   134
 1503    36    23
 1504    91    80
 1505    92    93
 1506    77    74
 1507   140   132
 1508   160   161
 1509    99   113
 1510    65    57
 1511    96    98
 1512   178   162
 1513   133   129
 1514    27    15
 1515   143   137
 1516     4     8
 1517   136   145
 1518   166   179
 1519    11    24
 1520    84    83
 1521   184   173
 1522    97    80
 1523    29    27
 1524    74    87
 1525    28    21
 1526   151   136
 1527   148   138
 1528    54    60
 1529     2    13
 1530   119   104
 1531    33    40
 1532   120   105
 1533     1    14
 1534   158   160
 1535   159   161
 1536    68    80
 1537   165   160
 1538    90    77
 1539   161   148
 1540   131   131
 1541   124   137
 1542   151   168
 1543    68    70
 1544    72    55
 1545   144   151
 1546    48    61
 1547    13    20
 1548   150   142
 1549   151   152
 1550    98    95
 1551    26    28
 1552   161   162
 1553   175   174
 1554    50    60
 1555   113   122
 1556   144   159
 1557    28    43
 1558    66    57
 1559    31    28
 1560    19    24
 1561    50    52
 1562    51    54
 1563    15    17
 1564   120   114
 1565    75    67
 1566    70    80
 1567    43    53
 1568    32    29
 1569   176   165
 1570     1    11
 1571     1     5
 1572    31    19
 1573    44    31
 1574    74    66
 1575    23    11
 1576    46    56
 1577    43    40
 1578   122   114
 1579    79    73
 1580    33    40
 1581    57    50
 1582   107    91
 1583   127   111
 1584   113    97
 1585   103   107
 1586   160   144
 1587   156   150
 1588    67    50
 1589    81    80
 1590    24    30
 1591   175   170
 1592   139   143
 1593   188   173
 1594   164   178
 1595    38    21
 1596    74    63
 1597    11    22
 1598   147   132
 1599    96    85
 1600    93   102
 1601   186   174
 1602   143   151
 1603   101   118
 1604   154   141
 1605    93   106
 1606    55    47
 1607     1    17
 1608   178   175
 1609     1     2
 1610    27    12
 1611   104    99
 1612    59    43
 1613    89    95
 1614   108   122
 1615    23    40
 1616    71    73
 1617    24    10
 1618   106    96
 1619   125   137
 1620   110   112
 1621    90   101
 1622   173   177
 1623    23    16
 1624   144   161
 1625    36    45
 1626   117   117
 1627   120   119
 1628   151   167
 1629   108   112
 1630    59    43
 1631    36    52
 1632    42    49
 1633   186   179
 1634   127   119
 1635    55    64
 1636   143   158
 1637    60    50
 1638    63    59
 1639    91   107
 1640   131   144
 1641    49    46
 1642    75    80
 1643   100    88
 1644    68    79
 1645    85    92
 1646   148   131
 1647   114   104
 1648   103   106
 1649   157   173
 1650    11     8
 1651    94    77
 1652   151   162
 1653   128   114
 1654    24     8
 1655   141   149
 1656    57    66
 1657    98   106
 1658    65    70
 1659   164   148
 1660   177   174
 1661    50    51
 1662    22     8
 1663    22    34
 1664     9     4
 1665    31    27
 1666   141   132
 1667   135   143
 1668   128   112
 1669    65    68
 1670   169   176
 1671   159   160
 1672   150   144
 1673   121   123
 1674    84    78
 1675   102   112
 1676    75    76
 1677   136   119
 1678    81    86
 1679   122   121
 1680   140   129
 1681    77    75
 1682    97    97
 1683   185   170
 1684   157   141
 1685     1     3
 1686   106    96
 1687   138   138
 1688   112   122
 1689    17    14
 1690   136   121
 1691   164   166
 1692     7    20
 1693   128   129
 1694    86    79
 1695     1     6
 1696    12    29
 1697   171   155
 1698   188   172
 1699   159   155
 1700     3    17
 1701    88    93
 1702     1    15
 1703    95   110
 1704   129   137
 1705   107   123
 1706   132   134
 1707    61    61
 1708   120   130
 1709   145   151
 1710   144   160
 1711    18    30
 1712   120   108
 1713   113    96
 1714    21    12
 1715    46    39
 1716    29    41
 1717   127   131
 1718    57    49
 1719    67    63
 1720   175   170
 1721    53    69
 1722   131   125
 1723   121   128
 1724   136   149
 1725    29    28
 1726    27    18
 1727   140   148
 1728    38    29
 1729    95    98
 1730    64    78
 1731    67    52
 1732   117   122
 1733    94    85
 1734   173   179
 1735    53    67
 1736    10    20
 1737    17    31
 1738    98   109
 1739   130   129
 1740   104    92
 1741   146   162
 1742   194   179
 1743    41    46
 1744    94   109
 1745    24    30
 1746    92    84
 1747   181   164
 1748   191   174
 1749   136   153
 1750   109   113
 1751   109    99
 1752   117   126
 1753   133   139
 1754    15    12
 1755   106   111
 1756    11    11
 1757   115    98
 1758    97    95
 1759   161   177
 1760    78    67
 1761    98   111
 1762   107   101
 1763    89    90
 1764    81    97
 1765    97    85
 1766    52    69
 1767   148   140
 1768    69    81
 1769    77    94
 1770    58    53
 1771   147   140
 1772    23    27
 1773    76    89
 1774   125   141
 1775   161   159
 1776    61    44
 1777   143   131
 1778    30    34
 1779   151   162
 1780    79    70
 1781    98   104
 1782    99    84
 1783    99    84
 1784    63    51
 1785    16    30
 1786    99   111
 1787    48    49
 1788     1    14
 1789   133   121
 1790    96   110
 1791    60    69
 1792    63    58
 1793    13    27
 1794    72    87
 1795   104   114
 1796    25    36
 1797   129   142
 1798    13    19
 1799   144   139
 1800    56    59
 1801   157   146
 1802    84    93
 1803    43    26
 1804   102    97
 1805    15    32
 1806   148   154
 1807    88    73
 1808     5     4
 1809    31    47
 1810    55    46
 1811    40    29
 1812    56    54
 1813   175   171
 1814   151   168
 1815    87   104
 1816    66    75
 1817     1     5
 1818    23    39
 1819    88    71
 1820    64    57
 1821   118   105
 1822    84    96
 1823    36    45
 1824   185   176
 1825    84    68
 1826    60    43
 1827   139   127
 1828   141   158
 1829   151   141
 1830    39    24
 1831   131   121
 1832    41    51
 1833    69    72
 1834    79    84
 1835   153   165
 1836    33    20
 1837   130   133
 1838     6     3
 1839    82    70
 1840     6     1
 1841    49    55
 1842   166   173
 1843   149   138
 1844    40    29
 1845   179   162
 1846    49    43
 1847    60    57
 1848    81    86
 1849   125   134
 1850   120   112
 1851   101   117
 1852   121   115
 1853   130   114
 1854    47    38
 1855   161   158
 1856    92    86
 1857    60    43
 1858    29    37
 1859    57    50
 1860    64    65
 1861    88    89
 1862    74    86
 1863   162   161
 1864   145   149
 1865    18    29
 1866   133   132
 1867    32    31
 1868    66    61
 1869   154   167
 1870    23    27
 1871    96    88
 1872    76    75
 1873    59    45
 1874   162   167
 1875     6    11
 1876   100   106
 1877    56    48
 1878    35    26
 1879    82    86
 1880   162   149
 1881    39    55
 1882   149   158
 1883   100   107
 1884   158   162
 1885   122   125
 1886   109    99
 1887    47    48
 1888    11    15
 1889    27    35
 1890   151   156
 1891   159   162
 1892   122   109
 1893   100   113
 1894    71    61
 1895   106   116
 1896    45    28
 1897    75    74
 1898   127   125
 1899   174   172
 1900    97   107
 1901    77    70
 1902    36    44
 1903   157   152
 1904    84   100
 1905   159   151
 1906   178   164
 1907     1    11
 1908    32    36
 1909    70    58
 1910   120   136
 1911   118   113
 1912     6     2
 1913   174   164
 1914   142   136
 1915   120   137
 1916    72    74
 1917    65    81
 1918    95    88
 1919   134   136
 1920    72    80
 1921    38    30
 1922   102   113
 1923    39    44
 1924   110   124
 1925   111    95
 1926    31    17
 1927   147   142
 1928   100    94
 1929   139   135
 1930   137   146
 1931   113    98
 1932    43    29
 1933    88    73
 1934   122   114
 1935    39    24
 1936   112   124
 1937   188   176
 1938    35    50
 1939     1     9
 1940   130   131
 1941   188   171
 1942     1     9
 1943    31    41
 1944    21    14
 1945   191   177
 1946   121   136
 1947    69    65
 1948    60    53
 1949    47    49
 1950    91    75
 1951    44    54
 1952    17    17
 1953   191   179
 1954    57    48
 1955    88    94
 1956    42    59
 1957   133   146
 1958    67    72
 1959    91    87
 1960    99   110
 1961    18    18
 1962   164   174
 1963   145   149
 1964    91    84
 1965    32    31
 1966   153   162
 1967   142   153
 1968    50    41
 1969    22    26
 1970    47    51
 1971    72    71
 1972   110   117
 1973    31    48
 1974    50    63
 1975   149   142
 1976    61    44
 1977   110    99
 1978     1     3
 1979    76    61
 1980    24    37
 1981    49    37
 1982   145   146
 1983   157   170
 1984    97    97
 1985   129   139
 1986   131   136
 1987    93    80
 1988    95   101
 1989   179   179
 1990   111   100
 1991    46    51
 1992    29    36
 1993    96    84
 1994   104    97
 1995   140   149
 1996    42    36
 1997   113   105
 1998   142   142
 1999   164   176
 2000    13    16
 2001    25    22
 2002   127   115
 2003     8     2
 2004    19    36
 2005    21    20
 2006    65    68
 2007    92    98
 2008    61    69
 2009    71    83
 2010    77    82
 2011     6    15
 2012    74    72
 2013    97   100
 2014    48    41
 2015    25    42
 2016    13    19
 2017    48    31
 2018    98   112
 2019   147   149
 2020    45    46
 2021    91    89
 2022   186   175
 2023   192   177
 2024   162   157
 2025   132   116
 2026    45    37
 2027   139   139
 2028     3    13
 2029   142   146
 2030   114   112
 2031   126   134
 2032   152   148
 2033   102   112
 2034   118   106
 2035    50    49
 2036    77    69
 2037    44    54
 2038   145   153
 2039   188   179
 2040   151   143
 2041    36    26
 2042    35    37
 2043    84    74
 2044   137   134
 2045   141   148
 2046    21     9
 2047    24    18
 2048   147   137
 2049    19    34
 2050   163   153
 2051   110   102
 2052   159   149
 2053    63    48
 2054    97    84
 2055   172   163
 2056   138   133
 2057    75    65
 2058    24    31
 2059   109   111
 2060   110   118
 2061    64    74
 2062   112   122
 2063   106   106
 2064   153   161
 2065    55    39
 2066    47    54
 2067   133   136
 2068   134   124
 2069    49    36
 2070    55    40
 2071    49    54
 2072   175   174
 2073    80    97
 2074   126   119
 2075   148   135
 2076    13    23
 2077    40    44
 2078    16    17
 2079   116   112
 2080   128   118
 2081   148   155
 2082   188   172
 2083    21    12
 2084   173   176
 2085   125   134
 2086     1     4
 2087   180   171
 2088     1    13
 2089   168   170
 2090     1     4
 2091    14    11
 2092   104    88
 2093    32    42
 2094    59    63
 2095    83    72
 2096    40    47
 2097   162   156
 2098   160   155
 2099    43    31
 2100    67    61
 2101    35    44
 2102    22    27
 2103    51    66
 2104    80    73
 2105    70    82
 2106   103   106
 2107     1     5
 2108    44    33
 2109   102    87
 2110    25    16
 2111    93   100
 2112   170   156
 2113   169   167
 2114    57    72
 2115   121   119
 2116    37    28
 2117   148   143
 2118    89    99
 2119   172   167
 2120    86    76
 2121    19    22
 2122    20    21
 2123   106    94
 2124   168   159
 2125   105    91
 2126   146   156
 2127    10    12
 2128   117   105
 2129    82    77
 2130   126   132
 2131    81    77
 2132    87    70
 2133    31    38
 2134   119   122
 2135    10     1
 2136   110   123
 2137   104   102
 2138   101    98
 2139   143   153
 2140    70    58
 2141    16    17
 2142   139   151
 2143    88    87
 2144   170   157
 2145   164   159
 2146   128   145
 2147     2    16
 2148    58    47
 2149    41    28
 2150    46    51
 2151   110   115
 2152    82    94
 2153   133   128
 2154   171   155
 2155    25    13
 2156    97    82
 2157    84    94
 2158    71    86
 2159    12    12
 2160   145   148
 2161   107   116
 2162    61    59
 2163    34    45
 2164    16     7
 2165   113   124
 2166    25    16
 2167   126   118
 2168    54    46
 2169    22    13
 2170    22    39
 2171   131   139
 2172    88    84
 2173    67    56
 2174   132   149
 2175    84   100
 2176   134   151
 2177   102   118
 2178   112   121
 2179    21    36
 2180    19    30
 2181   158   157
 2182   143   139
 2183   103    92
 2184    21    26
 2185    10    18
 2186   133   141
 2187    79    70
 2188    95    81
 2189    63    54
 2190    90    83
 2191    50    50
 2192   136   149
 2193    82    70
 2194    21    34
 2195    34    46
 2196    63    53
 2197    15    13
 2198    49    41
 2199   102    98
 2200    60    46
 2201   120   106
 2202   114   112
 2203    83    73
 2204     5    13
 2205    32    25
 2206   161   168
 2207     1    13
 2208   120   107
 2209    21     6
 2210    73    90
 2211   120   120
 2212    84    73
 2213    10    17
 2214    58    65
 2215    98   111
 2216    98   115
 2217    58    43
 2218    20    25
 2219    32    16
 2220    48    64
 2221   106    97
 2222   176   164
 2223    54    61
 2224    43    28
 2225   118   127
 2226   119   104
 2227    23    37
 2228    34    51
 2229   132   118
 2230    45    28
 2231   147   138
 2232    39    37
 2233    62    64
 2234    21    10
 2235    11    23
 2236   171   157
 2237   129   119
 2238    22    16
 2239   152   163
 2240    35    46
 2241    41    49
 2242   161   178
 2243    13    30
 2244   110    98
 2245   177   177
 2246    24    24
 2247     6    15
 2248    82    78
 2249    94    84
 2250    99   104
 2251   118   119
 2252   156   171
 2253    23    18
 2254   122   108
 2255    31    29
 2256   151   140
 2257    97   104
 2258    41    50
 2259    29    13
 2260     3     7
 2261     1     9
 2262   147   151
 2263    52    60
 2264   114    98
 2265     1     1
 2266     1     1
 2267     4    13
 2268   116   105
 2269   112   128
 2270   140   128
 2271    68    57
 2272    71    55
 2273    98   105
 2274   122   129
 2275   129   130
 2276     2    17
 2277    61    68
 2278    96    89
 2279    27    12
 2280    40    46
 2281    39    35
 2282    50    39
 2283   122   134
 2284   143   141
 2285    99    96
 2286   101   101
 2287   134   139
 2288   152   149
 2289    87    91
 2290   176   165
 2291   166   173
 2292     2     9
 2293   137   144
 2294     1     8
 2295   148   136
 2296    79    70
 2297    72    68
 2298   136   127
 2299    65    48
 2300   164   176
 2301    78    67
 2302    99   104
 2303    42    29
 2304    83    87
 2305    61    70
 2306   125   124
 2307   138   149
 2308    66    82
 2309    56    68
 2310   190   178
 2311    90    87
 2312    47    55
 2313   166   177
 2314    95    93
 2315   149   150
 2316    20     7
 2317    31    40
 2318    74    74
 2319   105   116
 2320   158   175
 2321    90    82
 2322   112   120
 2323   114   112
 2324   161   173
 2325   101   103
 2326    81    66
 2327   125   120
 2328    58    45
 2329   145   139
 2330    12    17
 2331   110   103
 2332   110    93
 2333   120   114
 2334    63    65
 2335   120   112
 2336    95    93
 2337    28    16
 2338   123   138
 2339   168   157
 2340    79    82
 2341   117   130
 2342    59    55
 2343   126   122
 2344    44    34
 2345    62    66
 2346     1     2
 2347   135   142
 2348   105    92
 2349   123   116
 2350   164   175
 2351   139   152
 2352   113   100
 2353    29    21
 2354    68    53
 2355    50    37
 2356     2     3
 2357    80    79
 2358   147   158
 2359    23    11
 2360    80    95
 2361    34    51
 2362    58    57
 2363    19    33
 2364    56    41
 2365    65    56
 2366    89    78
 2367    73    71
 2368    62    65
 2369    10     8
 2370   150   136
 2371    50    39
 2372   129   116
 2373   148   131
 2374     7     5
 2375   145   136
 2376   162   172
 2377    80    83
 2378    61    70
 2379    43    41
 2380   185   173
 2381    93    80
 2382   131   131
 2383    47    57
 2384   106   107
 2385    82    97
 2386   175   158
 2387    75    87
 2388   114   108
 2389   115   114
 2390    23    19
 2391   103   107
 2392    56    61
 2393   126   143
 2394   145   131
 2395   166   154
 2396    55    38
 2397   155   171
 2398   157   145
 2399    79    95
2802111
