269
    1     7     7
    2    15    15
    3    17    17
    4     4     4
    5    19    19
    6    19    19
    7    48    48
    8    27    27
    9    41    41
   10    35    35
   11    27    27
   12    40    40
   13    44    44
   14    11    11
   15    25    25
   16    13    13
   17     8     8
   18    44    44
   19     7     7
   20    38    38
   21    47    47
   22    42    42
   23    18    18
   24    14    14
   25    27    27
   26    36    36
   27    43    43
   28    25    25
   29    38    38
   30     8     8
   31    12    12
   32    31    31
   33    28    28
   34    21    21
   35    41    41
   36    47    47
   37     4     4
   38     4     4
   39     1     1
   40    21    21
   41    20    20
   42    27    27
   43    47    47
   44     4     4
   45    37    37
   46    45    45
   47    10    10
   48    11    11
   49    34    34
   50     4     4
   51    25    25
   52    14    14
   53    49    49
   54    19    19
   55    39    39
   56    23    23
   57     5     5
   58    31    31
   59    32    32
   60    20    20
   61    35    35
   62     8     8
   63    13    13
   64    41    41
   65    15    15
   66    31    31
   67    50    50
   68    26    26
   69     7     7
   70    29    29
   71    24    24
   72    10    10
   73     3     3
   74    36    36
   75    24    24
   76    48    48
   77    41    41
   78    12    12
   79    44    44
   80     5     5
   81    22    22
   82    37    37
   83     5     5
   84    11    11
   85    15    15
   86    25    25
   87     5     5
   88    26    26
   89     6     6
   90    28    28
   91    36    36
   92    44    44
   93    47    47
   94    42    42
   95    39    39
   96    10    10
   97    46    46
   98    18    18
   99    13    13
  100    43    43
  101    32    32
  102    10    10
  103    31    31
  104    44    44
  105    12    12
  106    18    18
  107    13    13
  108    10    10
  109    26    26
  110    41    41
  111    29    29
  112    23    23
  113    40    40
  114    10    10
  115    10    10
  116    23    23
  117     1     1
  118    49    49
  119    29    29
  120    38    38
  121     2     2
  122    33    33
  123     6     6
  124     9     9
  125    49    49
  126    39    39
  127    20    20
  128     5     5
  129    27    27
  130    16    16
  131    29    29
  132     4     4
  133     4     4
  134    42    42
  135    30    30
  136    19    19
  137     3     3
  138    38    38
  139    19    19
  140    23    23
  141     9     9
  142    22    22
  143    35    35
  144     4     4
  145    45    45
  146    30    30
  147    38    38
  148    33    33
  149    21    21
  150    18    18
  151     4     4
  152     7     7
  153    36    36
  154    15    15
  155    24    24
  156    46    46
  157    50    50
  158    39    39
  159    18    18
  160    31    31
  161    27    27
  162    20    20
  163    11    11
  164    17    17
  165    12    12
  166    45    45
  167    43    43
  168    21    21
  169    17    17
  170     8     8
  171    35    35
  172     8     8
  173     7     7
  174     3     3
  175    39    39
  176     2     2
  177    13    13
  178    23    23
  179    26    26
  180    14    14
  181    22    22
  182    47    47
  183    20    20
  184    13    13
  185    24    24
  186    37    37
  187    43    43
  188    16    16
  189    23    23
  190    43    43
  191     2     2
  192    16    16
  193    28    28
  194    42    42
  195    28    28
  196    23    23
  197    15    15
  198    24    24
  199    13    13
  200    20    20
  201    28    28
  202     8     8
  203    43    43
  204    11    11
  205    27    27
  206    20    20
  207    31    31
  208    43    43
  209    10    10
  210    22    22
  211    35    35
  212    48    48
  213    16    16
  214    31    31
  215    34    34
  216    12    12
  217    44    44
  218    33    33
  219    40    40
  220    30    30
  221    40    40
  222    25    25
  223    28    28
  224    41    41
  225    38    38
  226    35    35
  227    34    34
  228    23    23
  229     4     4
  230     7     7
  231    34    34
  232    18    18
  233    42    42
  234    20    20
  235    18    18
  236     8     8
  237    46    46
  238    27    27
  239    42    42
  240     8     8
  241    13    13
  242    43    43
  243    42    42
  244    42    42
  245    35    35
  246     5     5
  247    36    36
  248    44    44
  249     4     4
  250    27    27
  251    50    50
  252    42    42
  253    17    17
  254    10    10
  255    43    43
  256    21    21
  257    14    14
  258    33    33
  259    38    38
  260    18    18
  261    13    13
  262    30    30
  263    36    36
  264    34    34
  265    38    38
  266    29    29
  267     7     7
  268    48    48
  269    20    20
40620
