314
    1    36    42
    2    36    35
    3    44    26
    4    11     8
    5    11    33
    6    22    10
    7    50    18
    8    17     5
    9    47    38
   10    13    16
   11    17    20
   12    46    41
   13    18    47
   14    38    41
   15    18    30
   16    35    16
   17     8    45
   18     9    31
   19    54     5
   20    36     1
   21    26    39
   22    14    10
   23    40    25
   24    11     1
   25    51    19
   26    19    10
   27     6    32
   28    33     7
   29     2    54
   30    29    35
   31     5    38
   32    52    48
   33    46    42
   34    25    19
   35    29    28
   36    12    35
   37     6    28
   38    55    36
   39    49    44
   40    43    32
   41    49    44
   42    32    11
   43    31    11
   44     8    28
   45    27    10
   46    12     4
   47    15    10
   48     6    54
   49    49    47
   50    22    28
   51    37    35
   52    35    43
   53    21     5
   54    24     2
   55    31    39
   56    40    23
   57    21    49
   58    47     3
   59    44    14
   60     5    31
   61    22    25
   62     5    44
   63    12    54
   64    21    36
   65    28    31
   66    21    39
   67    31     3
   68    33    31
   69    21    52
   70    16    34
   71     7    32
   72    26    49
   73     1    24
   74     1     2
   75    55    54
   76     5     8
   77     7    33
   78    30    41
   79    46    22
   80    22    26
   81    13    33
   82    23    26
   83    37    39
   84    47    13
   85     2    30
   86    10    30
   87    50     4
   88     6    16
   89    27    32
   90     4    51
   91    28    54
   92    45    32
   93    17    33
   94    44    30
   95     1    55
   96    28    13
   97    17    25
   98    46    30
   99    32     2
  100    10    37
  101    18    13
  102    30    50
  103    52    41
  104    41    21
  105    32    46
  106    16    40
  107     1    27
  108    33    47
  109    53    14
  110    16    25
  111    32    49
  112    40    26
  113    33    31
  114    13    18
  115    16    36
  116    38    41
  117    38    52
  118    22    34
  119    44    35
  120    17     3
  121    24    41
  122    55    55
  123    19    35
  124     4    55
  125    39    23
  126    41     3
  127    38    41
  128    13    36
  129    31     5
  130    12    55
  131    24    32
  132    39    53
  133    45    21
  134    35    21
  135    23    24
  136    41    46
  137     2    43
  138    48    28
  139    31    22
  140    31     2
  141    38    48
  142    42    45
  143    11     3
  144     7    16
  145    39    30
  146    41    45
  147    19    19
  148     9     4
  149    40    50
  150    13    39
  151    38     7
  152    30    41
  153    53    14
  154    22    10
  155    16    22
  156    16     7
  157    36    17
  158    52    30
  159     1    50
  160    32    53
  161     8    30
  162    39    29
  163     5    46
  164    44    29
  165    15    21
  166     3     7
  167    26    35
  168    52    54
  169    18    24
  170     6    49
  171     7    14
  172    35    16
  173    39    28
  174    18    53
  175    37    40
  176    43    44
  177    47    42
  178    30    34
  179    19     1
  180    23    37
  181    14    50
  182    43    18
  183    22     5
  184    28    44
  185    46    27
  186    17     7
  187    52     1
  188     6     7
  189    25    30
  190     3    10
  191    20     6
  192    31    30
  193    33    54
  194    27    42
  195    41    16
  196    30    44
  197    54    54
  198    48    32
  199    41    13
  200    27     5
  201     6    18
  202    22    12
  203    23    41
  204    51    11
  205    31    17
  206     2    41
  207    27    31
  208     5    21
  209    35    34
  210    35    52
  211    23    48
  212    21    45
  213    31    23
  214    20    16
  215     8     1
  216    38    17
  217    15     1
  218    30     5
  219    47     2
  220    47    48
  221    21    46
  222    33     9
  223    20    14
  224    40    22
  225     2    17
  226    20     7
  227    36    51
  228     8    51
  229    12     4
  230    22    21
  231    23     4
  232    55     9
  233     1     6
  234     5    22
  235    17    14
  236    44    12
  237    31    45
  238    33     2
  239    27    36
  240    48    34
  241    10    47
  242    38    49
  243    25    20
  244    41    35
  245     8    42
  246     6    38
  247     5    54
  248    54    31
  249     7    10
  250    25    53
  251    54    25
  252    11    28
  253    31     9
  254    13    44
  255    36    54
  256    41    50
  257    12    53
  258    48    40
  259    38    31
  260    41    23
  261    38    52
  262    54    22
  263    34    53
  264    15    32
  265     2    55
  266    13     4
  267    27    24
  268    45    32
  269     8     4
  270    29    32
  271    11    27
  272    43    48
  273    21    14
  274    45     4
  275    37    34
  276     6    21
  277    32    19
  278    37    31
  279    17    35
  280    33    36
  281    32    46
  282    12    18
  283    52    11
  284     1    55
  285    43    51
  286    41    15
  287    33    34
  288    11    50
  289    33     9
  290    20    41
  291    18    27
  292    40     9
  293    21    27
  294    36    34
  295    49    22
  296    11    10
  297    33    46
  298    44    33
  299    33    28
  300    49    48
  301    54     9
  302    46    35
  303    31    38
  304     9    11
  305     5    50
  306    14    13
  307    27     5
  308     5    53
  309    45    15
  310     6    30
  311    26    35
  312    21    14
  313    31    26
  314    18    12
58233
