3283
    1    16    16
    2    45    45
    3   149   149
    4   108   108
    5     8     8
    6    92    92
    7   194   194
    8   106   106
    9    71    71
   10   184   184
   11   129   129
   12    65    65
   13    72    72
   14   207   207
   15     9     9
   16   207   207
   17   162   162
   18   130   130
   19   202   202
   20   118   118
   21   104   104
   22   161   161
   23    22    22
   24   179   179
   25    89    89
   26   147   147
   27    43    43
   28    44    44
   29   132   132
   30   175   175
   31    63    63
   32     6     6
   33   116   116
   34   141   141
   35   123   123
   36    94    94
   37   204   204
   38   160   160
   39    99    99
   40   208   208
   41    77    77
   42   144   144
   43   171   171
   44    82    82
   45    14    14
   46   115   115
   47   149   149
   48    23    23
   49    60    60
   50   145   145
   51   155   155
   52   164   164
   53    92    92
   54    32    32
   55    23    23
   56    47    47
   57    44    44
   58   144   144
   59    22    22
   60    97    97
   61   113   113
   62    94    94
   63    35    35
   64    75    75
   65   212   212
   66    83    83
   67   201   201
   68    86    86
   69   122   122
   70   152   152
   71     3     3
   72   211   211
   73   156   156
   74   151   151
   75   113   113
   76   116   116
   77   144   144
   78    32    32
   79   130   130
   80   211   211
   81    71    71
   82   192   192
   83   161   161
   84    13    13
   85    28    28
   86    27    27
   87   201   201
   88   156   156
   89   103   103
   90    14    14
   91   215   215
   92    44    44
   93   189   189
   94    20    20
   95   199   199
   96   129   129
   97   203   203
   98   188   188
   99   148   148
  100    13    13
  101    12    12
  102   111   111
  103    10    10
  104   111   111
  105    38    38
  106   161   161
  107    54    54
  108   180   180
  109   163   163
  110   193   193
  111   110   110
  112    38    38
  113    97    97
  114   204   204
  115   101   101
  116   123   123
  117    30    30
  118   189   189
  119   169   169
  120   167   167
  121     8     8
  122    62    62
  123   133   133
  124    82    82
  125   177   177
  126   147   147
  127    71    71
  128   112   112
  129    24    24
  130    74    74
  131   191   191
  132    41    41
  133    38    38
  134    50    50
  135   171   171
  136   162   162
  137   175   175
  138     6     6
  139    97    97
  140   201   201
  141    97    97
  142   198   198
  143    32    32
  144   131   131
  145    42    42
  146   133   133
  147   156   156
  148   189   189
  149    44    44
  150   106   106
  151   128   128
  152    67    67
  153   102   102
  154    27    27
  155   133   133
  156    34    34
  157   137   137
  158    79    79
  159    46    46
  160    33    33
  161    57    57
  162   195   195
  163   115   115
  164    12    12
  165   162   162
  166    70    70
  167   175   175
  168   152   152
  169    96    96
  170   134   134
  171    99    99
  172    58    58
  173   163   163
  174   115   115
  175   144   144
  176   102   102
  177   137   137
  178    40    40
  179   191   191
  180    14    14
  181    52    52
  182   167   167
  183   175   175
  184    26    26
  185   190   190
  186   197   197
  187   149   149
  188    84    84
  189   172   172
  190   117   117
  191   159   159
  192    77    77
  193   201   201
  194    53    53
  195   103   103
  196   113   113
  197   149   149
  198   205   205
  199    21    21
  200   188   188
  201    13    13
  202   163   163
  203   118   118
  204   201   201
  205   188   188
  206    68    68
  207    42    42
  208   122   122
  209    93    93
  210   114   114
  211   102   102
  212    23    23
  213    23    23
  214   101   101
  215   135   135
  216    25    25
  217   203   203
  218   210   210
  219   147   147
  220    18    18
  221    69    69
  222    51    51
  223   199   199
  224   214   214
  225    50    50
  226    11    11
  227   106   106
  228     9     9
  229    54    54
  230   190   190
  231   112   112
  232   150   150
  233    28    28
  234   196   196
  235    22    22
  236   170   170
  237   160   160
  238   109   109
  239   104   104
  240    23    23
  241    24    24
  242    14    14
  243   152   152
  244   204   204
  245   116   116
  246    98    98
  247    68    68
  248   159   159
  249    64    64
  250    93    93
  251   168   168
  252    57    57
  253   110   110
  254   139   139
  255    25    25
  256   106   106
  257    70    70
  258   114   114
  259    70    70
  260    47    47
  261   153   153
  262    92    92
  263   115   115
  264    76    76
  265   137   137
  266   177   177
  267   207   207
  268   160   160
  269   204   204
  270   200   200
  271    34    34
  272    48    48
  273    23    23
  274    63    63
  275    35    35
  276   140   140
  277   154   154
  278   161   161
  279   116   116
  280   101   101
  281   144   144
  282    23    23
  283    12    12
  284    65    65
  285    16    16
  286    18    18
  287   132   132
  288     1     1
  289   197   197
  290    54    54
  291    37    37
  292   162   162
  293   157   157
  294   169   169
  295   190   190
  296    79    79
  297    97    97
  298   189   189
  299   213   213
  300   127   127
  301    45    45
  302   195   195
  303    53    53
  304   163   163
  305   107   107
  306   116   116
  307   191   191
  308   201   201
  309   200   200
  310    42    42
  311    28    28
  312     1     1
  313   179   179
  314   198   198
  315   198   198
  316   168   168
  317   158   158
  318    32    32
  319   183   183
  320    41    41
  321   176   176
  322    26    26
  323     6     6
  324   214   214
  325   125   125
  326   169   169
  327    94    94
  328    64    64
  329    19    19
  330   173   173
  331   124   124
  332   105   105
  333   208   208
  334   123   123
  335   201   201
  336   181   181
  337    41    41
  338   212   212
  339    70    70
  340    51    51
  341     9     9
  342   199   199
  343   113   113
  344    16    16
  345   167   167
  346    58    58
  347     6     6
  348    40    40
  349    62    62
  350    26    26
  351    39    39
  352    74    74
  353     3     3
  354    11    11
  355   117   117
  356    28    28
  357    94    94
  358   141   141
  359   131   131
  360   110   110
  361   145   145
  362   149   149
  363   138   138
  364    24    24
  365   174   174
  366   106   106
  367    94    94
  368   181   181
  369    96    96
  370   162   162
  371   134   134
  372    55    55
  373   199   199
  374   153   153
  375    21    21
  376   123   123
  377    57    57
  378    53    53
  379   209   209
  380   104   104
  381   178   178
  382   172   172
  383    37    37
  384    52    52
  385    30    30
  386    72    72
  387   141   141
  388   121   121
  389   102   102
  390    48    48
  391    11    11
  392   176   176
  393   203   203
  394    33    33
  395   110   110
  396   131   131
  397   167   167
  398   130   130
  399     8     8
  400   199   199
  401   134   134
  402   180   180
  403   205   205
  404    33    33
  405   153   153
  406    11    11
  407   180   180
  408   116   116
  409   192   192
  410    53    53
  411   110   110
  412   212   212
  413   130   130
  414    82    82
  415   204   204
  416    73    73
  417    91    91
  418   201   201
  419   142   142
  420    65    65
  421   163   163
  422    83    83
  423   135   135
  424   135   135
  425   154   154
  426   213   213
  427    27    27
  428    75    75
  429   134   134
  430    50    50
  431    52    52
  432    19    19
  433   151   151
  434   112   112
  435    41    41
  436    26    26
  437    31    31
  438   205   205
  439   190   190
  440    30    30
  441   141   141
  442    11    11
  443   156   156
  444    29    29
  445    66    66
  446   196   196
  447   167   167
  448   143   143
  449   153   153
  450    62    62
  451    62    62
  452    83    83
  453    77    77
  454   210   210
  455   107   107
  456    66    66
  457   131   131
  458   158   158
  459    39    39
  460   178   178
  461   213   213
  462   128   128
  463    17    17
  464   136   136
  465   188   188
  466   191   191
  467    96    96
  468   130   130
  469   112   112
  470   125   125
  471   143   143
  472   200   200
  473    96    96
  474   175   175
  475    67    67
  476    65    65
  477   115   115
  478   153   153
  479   105   105
  480    49    49
  481   108   108
  482    60    60
  483   211   211
  484    77    77
  485    12    12
  486   127   127
  487    36    36
  488    85    85
  489   143   143
  490    27    27
  491   162   162
  492    27    27
  493    81    81
  494   121   121
  495   168   168
  496   118   118
  497   197   197
  498   198   198
  499    22    22
  500   215   215
  501   208   208
  502   164   164
  503   120   120
  504   193   193
  505   149   149
  506   147   147
  507    39    39
  508   147   147
  509   188   188
  510    74    74
  511   153   153
  512   151   151
  513   167   167
  514   164   164
  515    92    92
  516   166   166
  517    38    38
  518   206   206
  519    15    15
  520    62    62
  521   151   151
  522     3     3
  523   159   159
  524    76    76
  525    61    61
  526   132   132
  527    21    21
  528   190   190
  529    65    65
  530   107   107
  531   141   141
  532    11    11
  533     7     7
  534    10    10
  535   106   106
  536   115   115
  537   139   139
  538   134   134
  539    40    40
  540     6     6
  541    77    77
  542   156   156
  543    77    77
  544    17    17
  545   147   147
  546   151   151
  547   212   212
  548   133   133
  549     2     2
  550   127   127
  551   165   165
  552    73    73
  553   150   150
  554   126   126
  555   152   152
  556     1     1
  557   189   189
  558    39    39
  559   109   109
  560    36    36
  561   142   142
  562     6     6
  563   209   209
  564    73    73
  565   198   198
  566   173   173
  567   213   213
  568    34    34
  569   146   146
  570    23    23
  571   183   183
  572   176   176
  573    28    28
  574   108   108
  575    59    59
  576    97    97
  577    29    29
  578   113   113
  579   126   126
  580   177   177
  581   147   147
  582   130   130
  583    21    21
  584   135   135
  585     1     1
  586   141   141
  587   186   186
  588    65    65
  589   182   182
  590     7     7
  591   177   177
  592   197   197
  593   159   159
  594    22    22
  595   140   140
  596   187   187
  597   200   200
  598   183   183
  599   196   196
  600    21    21
  601   143   143
  602     6     6
  603    87    87
  604   193   193
  605   184   184
  606   194   194
  607    15    15
  608   119   119
  609   135   135
  610   204   204
  611   109   109
  612    28    28
  613    82    82
  614   187   187
  615   104   104
  616    31    31
  617   122   122
  618    94    94
  619   209   209
  620   162   162
  621    14    14
  622    87    87
  623   125   125
  624   214   214
  625    68    68
  626   114   114
  627   103   103
  628   152   152
  629    81    81
  630    38    38
  631   162   162
  632   192   192
  633   186   186
  634   138   138
  635   191   191
  636   146   146
  637    58    58
  638   106   106
  639   200   200
  640   165   165
  641    81    81
  642   102   102
  643   127   127
  644    64    64
  645   159   159
  646    91    91
  647    70    70
  648   128   128
  649   204   204
  650   143   143
  651   144   144
  652   124   124
  653    76    76
  654   170   170
  655    34    34
  656    89    89
  657   100   100
  658   160   160
  659   214   214
  660   117   117
  661   173   173
  662     2     2
  663   214   214
  664   140   140
  665     5     5
  666     8     8
  667   126   126
  668    25    25
  669    39    39
  670   133   133
  671   190   190
  672   153   153
  673   198   198
  674    36    36
  675    59    59
  676     1     1
  677    39    39
  678    54    54
  679   184   184
  680   150   150
  681    64    64
  682   135   135
  683   181   181
  684    77    77
  685   138   138
  686   150   150
  687    52    52
  688   116   116
  689   196   196
  690    73    73
  691    84    84
  692    93    93
  693   210   210
  694    33    33
  695   117   117
  696    78    78
  697    78    78
  698   190   190
  699    73    73
  700   132   132
  701   204   204
  702   201   201
  703   202   202
  704    40    40
  705    59    59
  706   131   131
  707    37    37
  708   106   106
  709    24    24
  710    44    44
  711   161   161
  712   203   203
  713    68    68
  714     1     1
  715    30    30
  716    86    86
  717   135   135
  718     4     4
  719    88    88
  720   210   210
  721    51    51
  722   185   185
  723    95    95
  724    83    83
  725   127   127
  726   174   174
  727    45    45
  728    14    14
  729    86    86
  730    44    44
  731    57    57
  732    58    58
  733    96    96
  734    17    17
  735   143   143
  736   195   195
  737    49    49
  738    22    22
  739    94    94
  740    46    46
  741   166   166
  742    57    57
  743    45    45
  744     4     4
  745   199   199
  746    90    90
  747   159   159
  748    90    90
  749   207   207
  750    41    41
  751   215   215
  752     5     5
  753    19    19
  754    30    30
  755   123   123
  756    16    16
  757    41    41
  758    22    22
  759   166   166
  760   122   122
  761   137   137
  762   169   169
  763    88    88
  764   166   166
  765    29    29
  766     3     3
  767   103   103
  768   121   121
  769    72    72
  770    63    63
  771   104   104
  772   105   105
  773   136   136
  774    30    30
  775   204   204
  776   178   178
  777   213   213
  778   176   176
  779    33    33
  780    44    44
  781   132   132
  782    89    89
  783   162   162
  784    74    74
  785    27    27
  786   138   138
  787    29    29
  788   161   161
  789   203   203
  790   164   164
  791   142   142
  792   102   102
  793    37    37
  794    98    98
  795   182   182
  796   170   170
  797   180   180
  798    57    57
  799   164   164
  800   101   101
  801   202   202
  802   215   215
  803   203   203
  804    93    93
  805   167   167
  806    34    34
  807   123   123
  808   122   122
  809   215   215
  810   145   145
  811    22    22
  812    31    31
  813   158   158
  814    46    46
  815    43    43
  816   158   158
  817    20    20
  818    52    52
  819   193   193
  820   153   153
  821   201   201
  822    26    26
  823    53    53
  824   209   209
  825    83    83
  826    45    45
  827   138   138
  828   193   193
  829   163   163
  830   144   144
  831    63    63
  832   199   199
  833    18    18
  834    77    77
  835   103   103
  836   150   150
  837    48    48
  838    57    57
  839   207   207
  840    16    16
  841   110   110
  842   182   182
  843   200   200
  844   211   211
  845   189   189
  846     8     8
  847   114   114
  848   163   163
  849    93    93
  850     3     3
  851    96    96
  852   113   113
  853    16    16
  854    47    47
  855   193   193
  856   212   212
  857    50    50
  858   202   202
  859    22    22
  860   184   184
  861     8     8
  862    35    35
  863   163   163
  864   153   153
  865    83    83
  866     2     2
  867    27    27
  868    49    49
  869    34    34
  870    98    98
  871   184   184
  872    18    18
  873   109   109
  874    79    79
  875   164   164
  876   127   127
  877   193   193
  878   152   152
  879    64    64
  880    91    91
  881   106   106
  882   201   201
  883    45    45
  884   112   112
  885    12    12
  886   150   150
  887   150   150
  888   206   206
  889   182   182
  890    19    19
  891    38    38
  892   191   191
  893   122   122
  894    61    61
  895   128   128
  896   107   107
  897   123   123
  898    33    33
  899    91    91
  900    33    33
  901   200   200
  902   113   113
  903   125   125
  904    47    47
  905   172   172
  906   192   192
  907   211   211
  908   113   113
  909   170   170
  910   105   105
  911   120   120
  912    49    49
  913   127   127
  914   215   215
  915     1     1
  916   168   168
  917    15    15
  918    41    41
  919   129   129
  920    30    30
  921    98    98
  922     3     3
  923    21    21
  924   197   197
  925    66    66
  926   106   106
  927   123   123
  928   125   125
  929    72    72
  930    24    24
  931     8     8
  932   162   162
  933    59    59
  934   206   206
  935   210   210
  936   157   157
  937    47    47
  938   214   214
  939   204   204
  940   213   213
  941    60    60
  942   195   195
  943    11    11
  944   112   112
  945    60    60
  946    81    81
  947    78    78
  948    26    26
  949   161   161
  950   165   165
  951   107   107
  952    88    88
  953   200   200
  954    44    44
  955   197   197
  956   153   153
  957   209   209
  958     5     5
  959    10    10
  960    47    47
  961   147   147
  962   184   184
  963    71    71
  964    47    47
  965   212   212
  966    45    45
  967    72    72
  968    96    96
  969   161   161
  970    30    30
  971   152   152
  972   102   102
  973   176   176
  974   128   128
  975   118   118
  976   196   196
  977    34    34
  978    91    91
  979   136   136
  980   190   190
  981   110   110
  982    11    11
  983   197   197
  984   131   131
  985   133   133
  986    22    22
  987   140   140
  988   100   100
  989    30    30
  990   204   204
  991   207   207
  992   121   121
  993   110   110
  994    80    80
  995    11    11
  996   172   172
  997   211   211
  998    42    42
  999   184   184
 1000    70    70
 1001   134   134
 1002   157   157
 1003   209   209
 1004   166   166
 1005   144   144
 1006   136   136
 1007    39    39
 1008   117   117
 1009   162   162
 1010    14    14
 1011    48    48
 1012    20    20
 1013    70    70
 1014    40    40
 1015    30    30
 1016    83    83
 1017    97    97
 1018     2     2
 1019   190   190
 1020   191   191
 1021   163   163
 1022   130   130
 1023    82    82
 1024   174   174
 1025   151   151
 1026   108   108
 1027   107   107
 1028   139   139
 1029   168   168
 1030    30    30
 1031   148   148
 1032   161   161
 1033    10    10
 1034   104   104
 1035    41    41
 1036   135   135
 1037   186   186
 1038   196   196
 1039    84    84
 1040   104   104
 1041   116   116
 1042   127   127
 1043    78    78
 1044    54    54
 1045   209   209
 1046    82    82
 1047    62    62
 1048   135   135
 1049   154   154
 1050   107   107
 1051    93    93
 1052   172   172
 1053    18    18
 1054    24    24
 1055   145   145
 1056   104   104
 1057   165   165
 1058   214   214
 1059    83    83
 1060   185   185
 1061   105   105
 1062   128   128
 1063   157   157
 1064    25    25
 1065    85    85
 1066     7     7
 1067   185   185
 1068   185   185
 1069    27    27
 1070   213   213
 1071    97    97
 1072    65    65
 1073    77    77
 1074   117   117
 1075   115   115
 1076    97    97
 1077   128   128
 1078   126   126
 1079   182   182
 1080   111   111
 1081    18    18
 1082   141   141
 1083    63    63
 1084    70    70
 1085   192   192
 1086    86    86
 1087    97    97
 1088    97    97
 1089   125   125
 1090     3     3
 1091    18    18
 1092   108   108
 1093   208   208
 1094   184   184
 1095     6     6
 1096    11    11
 1097   146   146
 1098   210   210
 1099   179   179
 1100    23    23
 1101   112   112
 1102    33    33
 1103   138   138
 1104    68    68
 1105    45    45
 1106   200   200
 1107    95    95
 1108   114   114
 1109   153   153
 1110   132   132
 1111   210   210
 1112   157   157
 1113    17    17
 1114    73    73
 1115    72    72
 1116   119   119
 1117    95    95
 1118    82    82
 1119    27    27
 1120    67    67
 1121   162   162
 1122   112   112
 1123    67    67
 1124   179   179
 1125   139   139
 1126   143   143
 1127   204   204
 1128    20    20
 1129    62    62
 1130   201   201
 1131    27    27
 1132   190   190
 1133    70    70
 1134   168   168
 1135    35    35
 1136    74    74
 1137   137   137
 1138   201   201
 1139   198   198
 1140   210   210
 1141   106   106
 1142    45    45
 1143    68    68
 1144   152   152
 1145   176   176
 1146   163   163
 1147   185   185
 1148   180   180
 1149    73    73
 1150    88    88
 1151     4     4
 1152   143   143
 1153    91    91
 1154   109   109
 1155    70    70
 1156    29    29
 1157   108   108
 1158     8     8
 1159   182   182
 1160    28    28
 1161   130   130
 1162    51    51
 1163    57    57
 1164   114   114
 1165    82    82
 1166   178   178
 1167   145   145
 1168   195   195
 1169    61    61
 1170   117   117
 1171    43    43
 1172    58    58
 1173   193   193
 1174   190   190
 1175   139   139
 1176    24    24
 1177   108   108
 1178    82    82
 1179   107   107
 1180   115   115
 1181    54    54
 1182    33    33
 1183    65    65
 1184    24    24
 1185    37    37
 1186   199   199
 1187   199   199
 1188    31    31
 1189   159   159
 1190    98    98
 1191    90    90
 1192   205   205
 1193   104   104
 1194   105   105
 1195   118   118
 1196    52    52
 1197   181   181
 1198   208   208
 1199    96    96
 1200    40    40
 1201    24    24
 1202   159   159
 1203   211   211
 1204   169   169
 1205   115   115
 1206   116   116
 1207    17    17
 1208   157   157
 1209   186   186
 1210    52    52
 1211    13    13
 1212    29    29
 1213   166   166
 1214    87    87
 1215   109   109
 1216    19    19
 1217   182   182
 1218    87    87
 1219    42    42
 1220   212   212
 1221   120   120
 1222   122   122
 1223   173   173
 1224   181   181
 1225   121   121
 1226   172   172
 1227   181   181
 1228    46    46
 1229    63    63
 1230   125   125
 1231    36    36
 1232    35    35
 1233   151   151
 1234   185   185
 1235    33    33
 1236    42    42
 1237   110   110
 1238   162   162
 1239   205   205
 1240    80    80
 1241   107   107
 1242    14    14
 1243   148   148
 1244    77    77
 1245   187   187
 1246   139   139
 1247   141   141
 1248   138   138
 1249    41    41
 1250   173   173
 1251   110   110
 1252   138   138
 1253   150   150
 1254   138   138
 1255    80    80
 1256    51    51
 1257   120   120
 1258     3     3
 1259   177   177
 1260   107   107
 1261    84    84
 1262    66    66
 1263   131   131
 1264   144   144
 1265    69    69
 1266    73    73
 1267    33    33
 1268   132   132
 1269    86    86
 1270    23    23
 1271    76    76
 1272   146   146
 1273     5     5
 1274    87    87
 1275    47    47
 1276    52    52
 1277   108   108
 1278   140   140
 1279    13    13
 1280    73    73
 1281   114   114
 1282    89    89
 1283   182   182
 1284   171   171
 1285   181   181
 1286   197   197
 1287   191   191
 1288    32    32
 1289   122   122
 1290   103   103
 1291   104   104
 1292    93    93
 1293   148   148
 1294   179   179
 1295   107   107
 1296   150   150
 1297     3     3
 1298    88    88
 1299   193   193
 1300   171   171
 1301   132   132
 1302   205   205
 1303    50    50
 1304     2     2
 1305    80    80
 1306    43    43
 1307   103   103
 1308    33    33
 1309   195   195
 1310    34    34
 1311   186   186
 1312    56    56
 1313     3     3
 1314    66    66
 1315   209   209
 1316   116   116
 1317    14    14
 1318   173   173
 1319   155   155
 1320    56    56
 1321   213   213
 1322   143   143
 1323    77    77
 1324    90    90
 1325    39    39
 1326   174   174
 1327   125   125
 1328    67    67
 1329   119   119
 1330   137   137
 1331   142   142
 1332   106   106
 1333    91    91
 1334    67    67
 1335   101   101
 1336   119   119
 1337   147   147
 1338   135   135
 1339   207   207
 1340    57    57
 1341    20    20
 1342    44    44
 1343    43    43
 1344   179   179
 1345    94    94
 1346   182   182
 1347    22    22
 1348    64    64
 1349    58    58
 1350   100   100
 1351    85    85
 1352    21    21
 1353   147   147
 1354   154   154
 1355    94    94
 1356   101   101
 1357   188   188
 1358    51    51
 1359   198   198
 1360    42    42
 1361    63    63
 1362    43    43
 1363    29    29
 1364   144   144
 1365    10    10
 1366    36    36
 1367    11    11
 1368     8     8
 1369    79    79
 1370   215   215
 1371   104   104
 1372    63    63
 1373   203   203
 1374   153   153
 1375   175   175
 1376   193   193
 1377    21    21
 1378   133   133
 1379    85    85
 1380    83    83
 1381    22    22
 1382   158   158
 1383     5     5
 1384    70    70
 1385   171   171
 1386   135   135
 1387   191   191
 1388    39    39
 1389    30    30
 1390    28    28
 1391    33    33
 1392   114   114
 1393   193   193
 1394   177   177
 1395   141   141
 1396   209   209
 1397    64    64
 1398    10    10
 1399   116   116
 1400   208   208
 1401     8     8
 1402    70    70
 1403    36    36
 1404    41    41
 1405    77    77
 1406   177   177
 1407   155   155
 1408   124   124
 1409    82    82
 1410   133   133
 1411   192   192
 1412    58    58
 1413    75    75
 1414   104   104
 1415    42    42
 1416   215   215
 1417   130   130
 1418    30    30
 1419     2     2
 1420     3     3
 1421    40    40
 1422    38    38
 1423    16    16
 1424   153   153
 1425    24    24
 1426   136   136
 1427   124   124
 1428     3     3
 1429   177   177
 1430   171   171
 1431   150   150
 1432    95    95
 1433     2     2
 1434   182   182
 1435   109   109
 1436   213   213
 1437    76    76
 1438    85    85
 1439    54    54
 1440   132   132
 1441   147   147
 1442   162   162
 1443    87    87
 1444   203   203
 1445   148   148
 1446   160   160
 1447   148   148
 1448   163   163
 1449    68    68
 1450   140   140
 1451    77    77
 1452   134   134
 1453    47    47
 1454    46    46
 1455    72    72
 1456    25    25
 1457    26    26
 1458   167   167
 1459   201   201
 1460   155   155
 1461    83    83
 1462   138   138
 1463    24    24
 1464   114   114
 1465    69    69
 1466   186   186
 1467    93    93
 1468   109   109
 1469   207   207
 1470   186   186
 1471   141   141
 1472     6     6
 1473    91    91
 1474    99    99
 1475   157   157
 1476    97    97
 1477   196   196
 1478   164   164
 1479   154   154
 1480    88    88
 1481   100   100
 1482   156   156
 1483    27    27
 1484    34    34
 1485   127   127
 1486    74    74
 1487    60    60
 1488   211   211
 1489    75    75
 1490   172   172
 1491    10    10
 1492   209   209
 1493   179   179
 1494   144   144
 1495    12    12
 1496   206   206
 1497    14    14
 1498    47    47
 1499   192   192
 1500    32    32
 1501    14    14
 1502    42    42
 1503   172   172
 1504   141   141
 1505    29    29
 1506   187   187
 1507   175   175
 1508    44    44
 1509   100   100
 1510   164   164
 1511   208   208
 1512     1     1
 1513   161   161
 1514    75    75
 1515   110   110
 1516   101   101
 1517   163   163
 1518   190   190
 1519   180   180
 1520    80    80
 1521   121   121
 1522   192   192
 1523    57    57
 1524   183   183
 1525    92    92
 1526    89    89
 1527   133   133
 1528   128   128
 1529   197   197
 1530    75    75
 1531    38    38
 1532   180   180
 1533    48    48
 1534    91    91
 1535     1     1
 1536   189   189
 1537    30    30
 1538     8     8
 1539    61    61
 1540   129   129
 1541    97    97
 1542   119   119
 1543    14    14
 1544    80    80
 1545    63    63
 1546    59    59
 1547    59    59
 1548   147   147
 1549   122   122
 1550    35    35
 1551   185   185
 1552   177   177
 1553    61    61
 1554   120   120
 1555    55    55
 1556    59    59
 1557    70    70
 1558   189   189
 1559   187   187
 1560    82    82
 1561   153   153
 1562   131   131
 1563   158   158
 1564   183   183
 1565    68    68
 1566    21    21
 1567   188   188
 1568    31    31
 1569   102   102
 1570    91    91
 1571   200   200
 1572    73    73
 1573   199   199
 1574   165   165
 1575    15    15
 1576   114   114
 1577   211   211
 1578   142   142
 1579   149   149
 1580    94    94
 1581   144   144
 1582     9     9
 1583    46    46
 1584   129   129
 1585     3     3
 1586   137   137
 1587   214   214
 1588   104   104
 1589   201   201
 1590   136   136
 1591    28    28
 1592   152   152
 1593   117   117
 1594   144   144
 1595   194   194
 1596   166   166
 1597    25    25
 1598    77    77
 1599   136   136
 1600   180   180
 1601    54    54
 1602     2     2
 1603   137   137
 1604    50    50
 1605   196   196
 1606   215   215
 1607    36    36
 1608    38    38
 1609   174   174
 1610   187   187
 1611    30    30
 1612    71    71
 1613   163   163
 1614    56    56
 1615   114   114
 1616    69    69
 1617    63    63
 1618   147   147
 1619     9     9
 1620   113   113
 1621    58    58
 1622    90    90
 1623   127   127
 1624    83    83
 1625   204   204
 1626    84    84
 1627   212   212
 1628    62    62
 1629   131   131
 1630   210   210
 1631    60    60
 1632   192   192
 1633   132   132
 1634    37    37
 1635    29    29
 1636   120   120
 1637    71    71
 1638   179   179
 1639    73    73
 1640    22    22
 1641     2     2
 1642     5     5
 1643   115   115
 1644   102   102
 1645   172   172
 1646    97    97
 1647    96    96
 1648    62    62
 1649   165   165
 1650    41    41
 1651    60    60
 1652     9     9
 1653   201   201
 1654     4     4
 1655   193   193
 1656    44    44
 1657    59    59
 1658    23    23
 1659    78    78
 1660    92    92
 1661   163   163
 1662    26    26
 1663    21    21
 1664   131   131
 1665   192   192
 1666    63    63
 1667    16    16
 1668   163   163
 1669   181   181
 1670    78    78
 1671   167   167
 1672   172   172
 1673    30    30
 1674    30    30
 1675    63    63
 1676   177   177
 1677     3     3
 1678    30    30
 1679   162   162
 1680    38    38
 1681   209   209
 1682   180   180
 1683    31    31
 1684   149   149
 1685    53    53
 1686    23    23
 1687   211   211
 1688   190   190
 1689    93    93
 1690   141   141
 1691   176   176
 1692    64    64
 1693    61    61
 1694   155   155
 1695    52    52
 1696    70    70
 1697    11    11
 1698    84    84
 1699    73    73
 1700    21    21
 1701   170   170
 1702   153   153
 1703    82    82
 1704   177   177
 1705   191   191
 1706    18    18
 1707   161   161
 1708   198   198
 1709    22    22
 1710    44    44
 1711    15    15
 1712   110   110
 1713    75    75
 1714    34    34
 1715   196   196
 1716   192   192
 1717    60    60
 1718   169   169
 1719   206   206
 1720   164   164
 1721     2     2
 1722   108   108
 1723   208   208
 1724    54    54
 1725    85    85
 1726     2     2
 1727   114   114
 1728    99    99
 1729     1     1
 1730    26    26
 1731    68    68
 1732    65    65
 1733   114   114
 1734    57    57
 1735   155   155
 1736   142   142
 1737    62    62
 1738   139   139
 1739   195   195
 1740    48    48
 1741   179   179
 1742   119   119
 1743    28    28
 1744    39    39
 1745   179   179
 1746    38    38
 1747    49    49
 1748   122   122
 1749   143   143
 1750    32    32
 1751    96    96
 1752   165   165
 1753   188   188
 1754    39    39
 1755   168   168
 1756     6     6
 1757    94    94
 1758    50    50
 1759    61    61
 1760    32    32
 1761   188   188
 1762   210   210
 1763    92    92
 1764    59    59
 1765    74    74
 1766   155   155
 1767   211   211
 1768    14    14
 1769    39    39
 1770   187   187
 1771   168   168
 1772   171   171
 1773    34    34
 1774    21    21
 1775   152   152
 1776    50    50
 1777   127   127
 1778   207   207
 1779   105   105
 1780   143   143
 1781    80    80
 1782    40    40
 1783   148   148
 1784    13    13
 1785    59    59
 1786    10    10
 1787   148   148
 1788   140   140
 1789    41    41
 1790   207   207
 1791   109   109
 1792    68    68
 1793   198   198
 1794    19    19
 1795   214   214
 1796   165   165
 1797   160   160
 1798   191   191
 1799   194   194
 1800   201   201
 1801     9     9
 1802    97    97
 1803   129   129
 1804   215   215
 1805   124   124
 1806     4     4
 1807   121   121
 1808    69    69
 1809    93    93
 1810   156   156
 1811   191   191
 1812    27    27
 1813   102   102
 1814    13    13
 1815    12    12
 1816    71    71
 1817    26    26
 1818    47    47
 1819    11    11
 1820   172   172
 1821   137   137
 1822    65    65
 1823   205   205
 1824    75    75
 1825   136   136
 1826   139   139
 1827   169   169
 1828    46    46
 1829   208   208
 1830    67    67
 1831    75    75
 1832   148   148
 1833   138   138
 1834    21    21
 1835   119   119
 1836   202   202
 1837    39    39
 1838    66    66
 1839    74    74
 1840   132   132
 1841    91    91
 1842   176   176
 1843    20    20
 1844   132   132
 1845   127   127
 1846    94    94
 1847   113   113
 1848    61    61
 1849   156   156
 1850     3     3
 1851   134   134
 1852   162   162
 1853   194   194
 1854   145   145
 1855   173   173
 1856    79    79
 1857   132   132
 1858    95    95
 1859    65    65
 1860   130   130
 1861    18    18
 1862    88    88
 1863    84    84
 1864    89    89
 1865    96    96
 1866    46    46
 1867    18    18
 1868    74    74
 1869   160   160
 1870    94    94
 1871   182   182
 1872    59    59
 1873    33    33
 1874    82    82
 1875   138   138
 1876    46    46
 1877   134   134
 1878    86    86
 1879   148   148
 1880     7     7
 1881    48    48
 1882    90    90
 1883   128   128
 1884   147   147
 1885   173   173
 1886   164   164
 1887   172   172
 1888   188   188
 1889    78    78
 1890   209   209
 1891   158   158
 1892    16    16
 1893   120   120
 1894    14    14
 1895    57    57
 1896    14    14
 1897    14    14
 1898   172   172
 1899    46    46
 1900    22    22
 1901   113   113
 1902   152   152
 1903   127   127
 1904    73    73
 1905   204   204
 1906    11    11
 1907   135   135
 1908    67    67
 1909   188   188
 1910    72    72
 1911    89    89
 1912   148   148
 1913   215   215
 1914   200   200
 1915    12    12
 1916   203   203
 1917   164   164
 1918   140   140
 1919    76    76
 1920     5     5
 1921    23    23
 1922    43    43
 1923    77    77
 1924   201   201
 1925   203   203
 1926    11    11
 1927   139   139
 1928   156   156
 1929   115   115
 1930   171   171
 1931   193   193
 1932    49    49
 1933    66    66
 1934    88    88
 1935   204   204
 1936   120   120
 1937    32    32
 1938    34    34
 1939   170   170
 1940   134   134
 1941   139   139
 1942    79    79
 1943     9     9
 1944   174   174
 1945   188   188
 1946   160   160
 1947   109   109
 1948    45    45
 1949   209   209
 1950    95    95
 1951    15    15
 1952   104   104
 1953    59    59
 1954   125   125
 1955   212   212
 1956   132   132
 1957    34    34
 1958    34    34
 1959    11    11
 1960    12    12
 1961   145   145
 1962   104   104
 1963   173   173
 1964    76    76
 1965   198   198
 1966   131   131
 1967    51    51
 1968   212   212
 1969    29    29
 1970   196   196
 1971    97    97
 1972   189   189
 1973    40    40
 1974   214   214
 1975   115   115
 1976    24    24
 1977    48    48
 1978    34    34
 1979   139   139
 1980   174   174
 1981    44    44
 1982     8     8
 1983     3     3
 1984   140   140
 1985    12    12
 1986    37    37
 1987   138   138
 1988    93    93
 1989    76    76
 1990    98    98
 1991    93    93
 1992    75    75
 1993     6     6
 1994   114   114
 1995    17    17
 1996   158   158
 1997     9     9
 1998   206   206
 1999    51    51
 2000     6     6
 2001    60    60
 2002    42    42
 2003   130   130
 2004   191   191
 2005    35    35
 2006   184   184
 2007   212   212
 2008   182   182
 2009    49    49
 2010    70    70
 2011    36    36
 2012     6     6
 2013   203   203
 2014    38    38
 2015   156   156
 2016   129   129
 2017   201   201
 2018    47    47
 2019    58    58
 2020   129   129
 2021   162   162
 2022   127   127
 2023   158   158
 2024    49    49
 2025     3     3
 2026   144   144
 2027    29    29
 2028    17    17
 2029   135   135
 2030    10    10
 2031    93    93
 2032    42    42
 2033   187   187
 2034    46    46
 2035   120   120
 2036   101   101
 2037    55    55
 2038   182   182
 2039   194   194
 2040   155   155
 2041   171   171
 2042     4     4
 2043   169   169
 2044   125   125
 2045   164   164
 2046   185   185
 2047   127   127
 2048    94    94
 2049   211   211
 2050    21    21
 2051   135   135
 2052    50    50
 2053    68    68
 2054   190   190
 2055     2     2
 2056   152   152
 2057   185   185
 2058   135   135
 2059   214   214
 2060    55    55
 2061   132   132
 2062   177   177
 2063   204   204
 2064    23    23
 2065   204   204
 2066    18    18
 2067    25    25
 2068   111   111
 2069   109   109
 2070   182   182
 2071    43    43
 2072    33    33
 2073    76    76
 2074    57    57
 2075    98    98
 2076   159   159
 2077    65    65
 2078   181   181
 2079    55    55
 2080    39    39
 2081   213   213
 2082    13    13
 2083   115   115
 2084    67    67
 2085   100   100
 2086    53    53
 2087    38    38
 2088   192   192
 2089   106   106
 2090    48    48
 2091    72    72
 2092    70    70
 2093   203   203
 2094    91    91
 2095    21    21
 2096    44    44
 2097   199   199
 2098   192   192
 2099   113   113
 2100   183   183
 2101   186   186
 2102    25    25
 2103   176   176
 2104    87    87
 2105   178   178
 2106   105   105
 2107   151   151
 2108     5     5
 2109   141   141
 2110   165   165
 2111    83    83
 2112    48    48
 2113   169   169
 2114   200   200
 2115     8     8
 2116   183   183
 2117   124   124
 2118   123   123
 2119    74    74
 2120    37    37
 2121    28    28
 2122   144   144
 2123    11    11
 2124    97    97
 2125    33    33
 2126    42    42
 2127   123   123
 2128    15    15
 2129    38    38
 2130   156   156
 2131    34    34
 2132    99    99
 2133    34    34
 2134   109   109
 2135   187   187
 2136   201   201
 2137    49    49
 2138   148   148
 2139    18    18
 2140    96    96
 2141    11    11
 2142    60    60
 2143    82    82
 2144    68    68
 2145    42    42
 2146   117   117
 2147   157   157
 2148   173   173
 2149   116   116
 2150    91    91
 2151    24    24
 2152    10    10
 2153    20    20
 2154   136   136
 2155   146   146
 2156   184   184
 2157    66    66
 2158   214   214
 2159    75    75
 2160     5     5
 2161   143   143
 2162   120   120
 2163   101   101
 2164   127   127
 2165   119   119
 2166   146   146
 2167   138   138
 2168    96    96
 2169    58    58
 2170    55    55
 2171   174   174
 2172     8     8
 2173   193   193
 2174    79    79
 2175    80    80
 2176    40    40
 2177    21    21
 2178   184   184
 2179   102   102
 2180    65    65
 2181   197   197
 2182   198   198
 2183     8     8
 2184    55    55
 2185    86    86
 2186   171   171
 2187    58    58
 2188   165   165
 2189    78    78
 2190   214   214
 2191    30    30
 2192    99    99
 2193    66    66
 2194   164   164
 2195    63    63
 2196   155   155
 2197    73    73
 2198   155   155
 2199    38    38
 2200    85    85
 2201   202   202
 2202   118   118
 2203   133   133
 2204   103   103
 2205    94    94
 2206    86    86
 2207    32    32
 2208    87    87
 2209    44    44
 2210   179   179
 2211    11    11
 2212   154   154
 2213    94    94
 2214   201   201
 2215    68    68
 2216   137   137
 2217    11    11
 2218   115   115
 2219    51    51
 2220   102   102
 2221   160   160
 2222    76    76
 2223   137   137
 2224   152   152
 2225    53    53
 2226    92    92
 2227     4     4
 2228   182   182
 2229    16    16
 2230   199   199
 2231    76    76
 2232    16    16
 2233   195   195
 2234    91    91
 2235   159   159
 2236    78    78
 2237   146   146
 2238   200   200
 2239   169   169
 2240   206   206
 2241   175   175
 2242    77    77
 2243   208   208
 2244   184   184
 2245   197   197
 2246   143   143
 2247   114   114
 2248   105   105
 2249   141   141
 2250    43    43
 2251    64    64
 2252    96    96
 2253   171   171
 2254   124   124
 2255    99    99
 2256    67    67
 2257    33    33
 2258    94    94
 2259   211   211
 2260   117   117
 2261    98    98
 2262   208   208
 2263   203   203
 2264    32    32
 2265   190   190
 2266    79    79
 2267   194   194
 2268    21    21
 2269   154   154
 2270    27    27
 2271   121   121
 2272   126   126
 2273   140   140
 2274   131   131
 2275   123   123
 2276    36    36
 2277   154   154
 2278    79    79
 2279   137   137
 2280    98    98
 2281    98    98
 2282    24    24
 2283   158   158
 2284    47    47
 2285     4     4
 2286   192   192
 2287    85    85
 2288   189   189
 2289    56    56
 2290   122   122
 2291    50    50
 2292    92    92
 2293     2     2
 2294    75    75
 2295    16    16
 2296   205   205
 2297   169   169
 2298   114   114
 2299   166   166
 2300    61    61
 2301   111   111
 2302   103   103
 2303    26    26
 2304    28    28
 2305    64    64
 2306   111   111
 2307    42    42
 2308     2     2
 2309    57    57
 2310    71    71
 2311    25    25
 2312   169   169
 2313   172   172
 2314   114   114
 2315   169   169
 2316   156   156
 2317    50    50
 2318    14    14
 2319   159   159
 2320   121   121
 2321   139   139
 2322   213   213
 2323    47    47
 2324    26    26
 2325   182   182
 2326   212   212
 2327    72    72
 2328   193   193
 2329   202   202
 2330    93    93
 2331    49    49
 2332    76    76
 2333    11    11
 2334   106   106
 2335   124   124
 2336   184   184
 2337   171   171
 2338   130   130
 2339   119   119
 2340   187   187
 2341    75    75
 2342    75    75
 2343    39    39
 2344    72    72
 2345   210   210
 2346    61    61
 2347    30    30
 2348    75    75
 2349   202   202
 2350    93    93
 2351    16    16
 2352   192   192
 2353   178   178
 2354   183   183
 2355   150   150
 2356   134   134
 2357    53    53
 2358    78    78
 2359   161   161
 2360   191   191
 2361    27    27
 2362    97    97
 2363     5     5
 2364    67    67
 2365   186   186
 2366   210   210
 2367   213   213
 2368    44    44
 2369     1     1
 2370    13    13
 2371    40    40
 2372   123   123
 2373   128   128
 2374    64    64
 2375    40    40
 2376    34    34
 2377    84    84
 2378    47    47
 2379    98    98
 2380    21    21
 2381     1     1
 2382    17    17
 2383   158   158
 2384    65    65
 2385   210   210
 2386    98    98
 2387   185   185
 2388   161   161
 2389    17    17
 2390   137   137
 2391    52    52
 2392   194   194
 2393   116   116
 2394    60    60
 2395   108   108
 2396    87    87
 2397    21    21
 2398   105   105
 2399   197   197
 2400   175   175
 2401   194   194
 2402    73    73
 2403    29    29
 2404   181   181
 2405   100   100
 2406   207   207
 2407    66    66
 2408    45    45
 2409    99    99
 2410    73    73
 2411    97    97
 2412   174   174
 2413   172   172
 2414   136   136
 2415   170   170
 2416    26    26
 2417    87    87
 2418    83    83
 2419   105   105
 2420    66    66
 2421   105   105
 2422    45    45
 2423   159   159
 2424    62    62
 2425   132   132
 2426    10    10
 2427   108   108
 2428   192   192
 2429   193   193
 2430    11    11
 2431   201   201
 2432    98    98
 2433   179   179
 2434   104   104
 2435   157   157
 2436    94    94
 2437   135   135
 2438    57    57
 2439    40    40
 2440    14    14
 2441    63    63
 2442   190   190
 2443   128   128
 2444    99    99
 2445     8     8
 2446   211   211
 2447    27    27
 2448    13    13
 2449    89    89
 2450    53    53
 2451    88    88
 2452   124   124
 2453   152   152
 2454   127   127
 2455    11    11
 2456   126   126
 2457   194   194
 2458     2     2
 2459   109   109
 2460   137   137
 2461    13    13
 2462    51    51
 2463   175   175
 2464    68    68
 2465   122   122
 2466   106   106
 2467   130   130
 2468   141   141
 2469   136   136
 2470   152   152
 2471   185   185
 2472   215   215
 2473   140   140
 2474    20    20
 2475    87    87
 2476    72    72
 2477   107   107
 2478   114   114
 2479   108   108
 2480    89    89
 2481   171   171
 2482    63    63
 2483     1     1
 2484   133   133
 2485   195   195
 2486   103   103
 2487    80    80
 2488   179   179
 2489   133   133
 2490    90    90
 2491   127   127
 2492    22    22
 2493    78    78
 2494    57    57
 2495    42    42
 2496   160   160
 2497    89    89
 2498    30    30
 2499   173   173
 2500   141   141
 2501    39    39
 2502    45    45
 2503   175   175
 2504    91    91
 2505    74    74
 2506   157   157
 2507   176   176
 2508    78    78
 2509   111   111
 2510   121   121
 2511   200   200
 2512    75    75
 2513    54    54
 2514   166   166
 2515   210   210
 2516   174   174
 2517   142   142
 2518    24    24
 2519    52    52
 2520    59    59
 2521    55    55
 2522   175   175
 2523    29    29
 2524    14    14
 2525    36    36
 2526   188   188
 2527    14    14
 2528   121   121
 2529    28    28
 2530   204   204
 2531    14    14
 2532    12    12
 2533   142   142
 2534   212   212
 2535    21    21
 2536   214   214
 2537   193   193
 2538    92    92
 2539    66    66
 2540   109   109
 2541   185   185
 2542    10    10
 2543    69    69
 2544    70    70
 2545   203   203
 2546    46    46
 2547    20    20
 2548    61    61
 2549   121   121
 2550   205   205
 2551   123   123
 2552   198   198
 2553    42    42
 2554    85    85
 2555    13    13
 2556    83    83
 2557    83    83
 2558   205   205
 2559   157   157
 2560    45    45
 2561   154   154
 2562   110   110
 2563    34    34
 2564    64    64
 2565    36    36
 2566   214   214
 2567   211   211
 2568   104   104
 2569   213   213
 2570   193   193
 2571   198   198
 2572    23    23
 2573   177   177
 2574   113   113
 2575   177   177
 2576   135   135
 2577   135   135
 2578    30    30
 2579    72    72
 2580    74    74
 2581   164   164
 2582   155   155
 2583   197   197
 2584    77    77
 2585   192   192
 2586   215   215
 2587   153   153
 2588    26    26
 2589   169   169
 2590   147   147
 2591   149   149
 2592   162   162
 2593    53    53
 2594     8     8
 2595   143   143
 2596    42    42
 2597   194   194
 2598    76    76
 2599     8     8
 2600   150   150
 2601   158   158
 2602   138   138
 2603   127   127
 2604    36    36
 2605   206   206
 2606   110   110
 2607     7     7
 2608   108   108
 2609   209   209
 2610   211   211
 2611   214   214
 2612    23    23
 2613    19    19
 2614   100   100
 2615   129   129
 2616    69    69
 2617    88    88
 2618   166   166
 2619    97    97
 2620    29    29
 2621    24    24
 2622    47    47
 2623   197   197
 2624    45    45
 2625    75    75
 2626    51    51
 2627   126   126
 2628    95    95
 2629   171   171
 2630    79    79
 2631    40    40
 2632    55    55
 2633   210   210
 2634   191   191
 2635    95    95
 2636     3     3
 2637   215   215
 2638   196   196
 2639   116   116
 2640   207   207
 2641   124   124
 2642   130   130
 2643   201   201
 2644    13    13
 2645    99    99
 2646    37    37
 2647    90    90
 2648    80    80
 2649    84    84
 2650   192   192
 2651   206   206
 2652    77    77
 2653   214   214
 2654   212   212
 2655   209   209
 2656   186   186
 2657    13    13
 2658   105   105
 2659    78    78
 2660    68    68
 2661     5     5
 2662   125   125
 2663    68    68
 2664   197   197
 2665   104   104
 2666   167   167
 2667   129   129
 2668   110   110
 2669    94    94
 2670    21    21
 2671    73    73
 2672   196   196
 2673     7     7
 2674    80    80
 2675    50    50
 2676   105   105
 2677     3     3
 2678   112   112
 2679    61    61
 2680   162   162
 2681    72    72
 2682   195   195
 2683    35    35
 2684   108   108
 2685   154   154
 2686    19    19
 2687   123   123
 2688    35    35
 2689     1     1
 2690    55    55
 2691   161   161
 2692    24    24
 2693    75    75
 2694    64    64
 2695    75    75
 2696    44    44
 2697   211   211
 2698   184   184
 2699   116   116
 2700   146   146
 2701    25    25
 2702   159   159
 2703     1     1
 2704    15    15
 2705   179   179
 2706    96    96
 2707   147   147
 2708    74    74
 2709    35    35
 2710   208   208
 2711   211   211
 2712    28    28
 2713   142   142
 2714   162   162
 2715   123   123
 2716    46    46
 2717    79    79
 2718    49    49
 2719    21    21
 2720   123   123
 2721   196   196
 2722   150   150
 2723    39    39
 2724   194   194
 2725    67    67
 2726    35    35
 2727    77    77
 2728   189   189
 2729    28    28
 2730   215   215
 2731    84    84
 2732    42    42
 2733   155   155
 2734    99    99
 2735    42    42
 2736    44    44
 2737    39    39
 2738   108   108
 2739   155   155
 2740   141   141
 2741   106   106
 2742    29    29
 2743    24    24
 2744    85    85
 2745    97    97
 2746   177   177
 2747   169   169
 2748    13    13
 2749     8     8
 2750    94    94
 2751   119   119
 2752    70    70
 2753   186   186
 2754   195   195
 2755    49    49
 2756    34    34
 2757   109   109
 2758    69    69
 2759   212   212
 2760   130   130
 2761    76    76
 2762    37    37
 2763   120   120
 2764   203   203
 2765    70    70
 2766    79    79
 2767    19    19
 2768   195   195
 2769   170   170
 2770    98    98
 2771    49    49
 2772   102   102
 2773   184   184
 2774    66    66
 2775    59    59
 2776   125   125
 2777    92    92
 2778   119   119
 2779    19    19
 2780   121   121
 2781   198   198
 2782   188   188
 2783    34    34
 2784    35    35
 2785    94    94
 2786   178   178
 2787   178   178
 2788   118   118
 2789   104   104
 2790   100   100
 2791   134   134
 2792    87    87
 2793   166   166
 2794    23    23
 2795    87    87
 2796   148   148
 2797    88    88
 2798    23    23
 2799    57    57
 2800    20    20
 2801    91    91
 2802   150   150
 2803   146   146
 2804    76    76
 2805   176   176
 2806   121   121
 2807    80    80
 2808   113   113
 2809   124   124
 2810   198   198
 2811    58    58
 2812    86    86
 2813    75    75
 2814   200   200
 2815   176   176
 2816   109   109
 2817   206   206
 2818    35    35
 2819    75    75
 2820    84    84
 2821    12    12
 2822   126   126
 2823    82    82
 2824   101   101
 2825   154   154
 2826   122   122
 2827   203   203
 2828    93    93
 2829    76    76
 2830    20    20
 2831   114   114
 2832   155   155
 2833   108   108
 2834   120   120
 2835   126   126
 2836    45    45
 2837   150   150
 2838   154   154
 2839     7     7
 2840    41    41
 2841   205   205
 2842   181   181
 2843    92    92
 2844   101   101
 2845   155   155
 2846   136   136
 2847     2     2
 2848    20    20
 2849    50    50
 2850   201   201
 2851    19    19
 2852   181   181
 2853   188   188
 2854   178   178
 2855   108   108
 2856   156   156
 2857    97    97
 2858   151   151
 2859    28    28
 2860    84    84
 2861    79    79
 2862     9     9
 2863    15    15
 2864   118   118
 2865   102   102
 2866   212   212
 2867   129   129
 2868    29    29
 2869   179   179
 2870     2     2
 2871    30    30
 2872    16    16
 2873    26    26
 2874   209   209
 2875    40    40
 2876     3     3
 2877    70    70
 2878    37    37
 2879    71    71
 2880    23    23
 2881   154   154
 2882   157   157
 2883   101   101
 2884    68    68
 2885    77    77
 2886    94    94
 2887   136   136
 2888   139   139
 2889   136   136
 2890   167   167
 2891   163   163
 2892    85    85
 2893   152   152
 2894   149   149
 2895   119   119
 2896   134   134
 2897    69    69
 2898   114   114
 2899    86    86
 2900    21    21
 2901    88    88
 2902   180   180
 2903   143   143
 2904   144   144
 2905   128   128
 2906   168   168
 2907   188   188
 2908   200   200
 2909   196   196
 2910    36    36
 2911   205   205
 2912   214   214
 2913    27    27
 2914    16    16
 2915    53    53
 2916   102   102
 2917    76    76
 2918    43    43
 2919   122   122
 2920   174   174
 2921   152   152
 2922   191   191
 2923   208   208
 2924   172   172
 2925    61    61
 2926    22    22
 2927   130   130
 2928    51    51
 2929   154   154
 2930   162   162
 2931    40    40
 2932   178   178
 2933   125   125
 2934   123   123
 2935   114   114
 2936    22    22
 2937    60    60
 2938   205   205
 2939   202   202
 2940   187   187
 2941   125   125
 2942   125   125
 2943   121   121
 2944   149   149
 2945    61    61
 2946    22    22
 2947   117   117
 2948    27    27
 2949   194   194
 2950    57    57
 2951   174   174
 2952   189   189
 2953    55    55
 2954   132   132
 2955   132   132
 2956    31    31
 2957   203   203
 2958   172   172
 2959    48    48
 2960   142   142
 2961    47    47
 2962   127   127
 2963   164   164
 2964   183   183
 2965   212   212
 2966    52    52
 2967   175   175
 2968    93    93
 2969   146   146
 2970   204   204
 2971    96    96
 2972   120   120
 2973    30    30
 2974    90    90
 2975   182   182
 2976    96    96
 2977   146   146
 2978   101   101
 2979   157   157
 2980     3     3
 2981   113   113
 2982   208   208
 2983   126   126
 2984    53    53
 2985    48    48
 2986    50    50
 2987   192   192
 2988   180   180
 2989   163   163
 2990   140   140
 2991   113   113
 2992   175   175
 2993    61    61
 2994    87    87
 2995    90    90
 2996    22    22
 2997   177   177
 2998   164   164
 2999   136   136
 3000   104   104
 3001    36    36
 3002   208   208
 3003   206   206
 3004    15    15
 3005   149   149
 3006    94    94
 3007   172   172
 3008    16    16
 3009   204   204
 3010   160   160
 3011   125   125
 3012   167   167
 3013   171   171
 3014    27    27
 3015   197   197
 3016   199   199
 3017     7     7
 3018   142   142
 3019    42    42
 3020    22    22
 3021     8     8
 3022   121   121
 3023   128   128
 3024    68    68
 3025    67    67
 3026   202   202
 3027    53    53
 3028    15    15
 3029    29    29
 3030    18    18
 3031     1     1
 3032    48    48
 3033   202   202
 3034    33    33
 3035    37    37
 3036    38    38
 3037   158   158
 3038    73    73
 3039   158   158
 3040   186   186
 3041   104   104
 3042   143   143
 3043   101   101
 3044   197   197
 3045   132   132
 3046   115   115
 3047   143   143
 3048    91    91
 3049   139   139
 3050   115   115
 3051    16    16
 3052   175   175
 3053   134   134
 3054   196   196
 3055   105   105
 3056    37    37
 3057   136   136
 3058   208   208
 3059   104   104
 3060   149   149
 3061   136   136
 3062    75    75
 3063   194   194
 3064   109   109
 3065     3     3
 3066    14    14
 3067    10    10
 3068   144   144
 3069   173   173
 3070   210   210
 3071   143   143
 3072   203   203
 3073   113   113
 3074    63    63
 3075    10    10
 3076   155   155
 3077    99    99
 3078   177   177
 3079    28    28
 3080   126   126
 3081    81    81
 3082   106   106
 3083    43    43
 3084    38    38
 3085   135   135
 3086   212   212
 3087    57    57
 3088   183   183
 3089     7     7
 3090   139   139
 3091   203   203
 3092    85    85
 3093   188   188
 3094    14    14
 3095    61    61
 3096   140   140
 3097    76    76
 3098    84    84
 3099    16    16
 3100   146   146
 3101    50    50
 3102    24    24
 3103   166   166
 3104    37    37
 3105   151   151
 3106   141   141
 3107    91    91
 3108   103   103
 3109   118   118
 3110    98    98
 3111    74    74
 3112   122   122
 3113     4     4
 3114   212   212
 3115   164   164
 3116   187   187
 3117    84    84
 3118   139   139
 3119   117   117
 3120   193   193
 3121   165   165
 3122   171   171
 3123   161   161
 3124    12    12
 3125   177   177
 3126    38    38
 3127   152   152
 3128    60    60
 3129    57    57
 3130    28    28
 3131    98    98
 3132    53    53
 3133   125   125
 3134    52    52
 3135    10    10
 3136   149   149
 3137   187   187
 3138   117   117
 3139    93    93
 3140    26    26
 3141   189   189
 3142    35    35
 3143   185   185
 3144   162   162
 3145    69    69
 3146     9     9
 3147   185   185
 3148   166   166
 3149    48    48
 3150   132   132
 3151   144   144
 3152    78    78
 3153   202   202
 3154   205   205
 3155    51    51
 3156    29    29
 3157   199   199
 3158   186   186
 3159   141   141
 3160   169   169
 3161   127   127
 3162   160   160
 3163   141   141
 3164   130   130
 3165    68    68
 3166   210   210
 3167    25    25
 3168   166   166
 3169    87    87
 3170   189   189
 3171   209   209
 3172   165   165
 3173    23    23
 3174   128   128
 3175   145   145
 3176   174   174
 3177   152   152
 3178   139   139
 3179     5     5
 3180     6     6
 3181    51    51
 3182   119   119
 3183   128   128
 3184    88    88
 3185    16    16
 3186    14    14
 3187   165   165
 3188   151   151
 3189   107   107
 3190   195   195
 3191    42    42
 3192    88    88
 3193   176   176
 3194   201   201
 3195    26    26
 3196   159   159
 3197   188   188
 3198    67    67
 3199    18    18
 3200    85    85
 3201    32    32
 3202   168   168
 3203   144   144
 3204   113   113
 3205   111   111
 3206    56    56
 3207   193   193
 3208   127   127
 3209     9     9
 3210    14    14
 3211   193   193
 3212   215   215
 3213   139   139
 3214   200   200
 3215    77    77
 3216   108   108
 3217   132   132
 3218    32    32
 3219     7     7
 3220   129   129
 3221    99    99
 3222    37    37
 3223   188   188
 3224   159   159
 3225     7     7
 3226    57    57
 3227   206   206
 3228   183   183
 3229    89    89
 3230    99    99
 3231   159   159
 3232    54    54
 3233    20    20
 3234   127   127
 3235   113   113
 3236   151   151
 3237   158   158
 3238   137   137
 3239    75    75
 3240    54    54
 3241   186   186
 3242   163   163
 3243    48    48
 3244    76    76
 3245   131   131
 3246   163   163
 3247    99    99
 3248    90    90
 3249    27    27
 3250   120   120
 3251    40    40
 3252   141   141
 3253   150   150
 3254   142   142
 3255   134   134
 3256   142   142
 3257    16    16
 3258   149   149
 3259    14    14
 3260   204   204
 3261   118   118
 3262   215   215
 3263   179   179
 3264    87    87
 3265    82    82
 3266   137   137
 3267   159   159
 3268   210   210
 3269    98    98
 3270   173   173
 3271    86    86
 3272    91    91
 3273   176   176
 3274    97    97
 3275   201   201
 3276    11    11
 3277    55    55
 3278   192   192
 3279   101   101
 3280    93    93
 3281   141   141
 3282    28    28
 3283   115   115
4961614
