367
    1    64    58
    2     2     2
    3    17    12
    4    43    45
    5    35    34
    6    26    24
    7    43    43
    8    35    38
    9    29    27
   10    19    24
   11    59    54
   12     6     5
   13    56    54
   14    44    38
   15    19    23
   16    46    43
   17    21    19
   18    11    10
   19    56    55
   20    62    60
   21    27    27
   22    12     6
   23    60    54
   24     1     5
   25    32    27
   26    34    34
   27    19    24
   28    21    18
   29    27    24
   30    43    45
   31    56    52
   32    10     6
   33    51    50
   34    23    27
   35    13    18
   36    52    47
   37    13    14
   38    50    47
   39    28    26
   40     4     1
   41    54    57
   42    60    56
   43     9     4
   44    63    60
   45    18    21
   46    29    25
   47    47    44
   48    27    32
   49    47    45
   50    46    42
   51    43    37
   52    41    46
   53    28    27
   54    46    42
   55    54    55
   56    62    58
   57    28    27
   58    51    45
   59    11     6
   60    50    44
   61    44    39
   62     1     1
   63    40    42
   64    54    53
   65    40    46
   66    18    18
   67     7     3
   68    13    13
   69    28    30
   70    59    60
   71    10    16
   72    54    56
   73    53    52
   74    37    37
   75    61    58
   76    44    43
   77     7     1
   78    21    17
   79     1     3
   80     2     5
   81    63    60
   82    42    40
   83    29    25
   84    61    56
   85    23    24
   86    30    24
   87    49    50
   88    15    10
   89    61    60
   90     7     5
   91    31    27
   92    11     7
   93    48    43
   94    56    58
   95     2     6
   96    25    31
   97    23    19
   98    39    43
   99     2     6
  100    21    22
  101    23    19
  102     2     6
  103    43    44
  104     9    10
  105    46    43
  106     6     4
  107    57    57
  108    11     9
  109    26    25
  110    26    31
  111    31    29
  112     1     1
  113    32    31
  114    20    19
  115    57    59
  116    12    17
  117    16    21
  118    21    19
  119     1     3
  120    34    35
  121    21    22
  122    27    27
  123    45    46
  124    24    25
  125    23    23
  126    30    29
  127    32    26
  128    26    30
  129    44    49
  130    54    53
  131     1     4
  132    25    31
  133     9     5
  134    12    14
  135    53    47
  136    60    60
  137     7    11
  138    49    49
  139    20    24
  140     1     2
  141    38    41
  142    10    11
  143    37    37
  144    50    53
  145    21    27
  146    18    20
  147    37    36
  148    48    49
  149    53    47
  150    28    24
  151    11    11
  152     5    11
  153    23    28
  154     8     6
  155    50    52
  156    48    50
  157    55    56
  158    60    57
  159     2     8
  160    36    35
  161     1     3
  162    23    21
  163    15    12
  164    44    40
  165    49    51
  166    11    12
  167    21    17
  168    57    58
  169    26    32
  170    47    51
  171     5     9
  172    14    12
  173    13    15
  174     1     4
  175     1     1
  176    54    53
  177    44    40
  178    25    23
  179    16    16
  180     9    14
  181    26    25
  182    56    55
  183    13    18
  184    16    18
  185    15    19
  186    35    31
  187    54    48
  188    17    11
  189    51    50
  190    51    47
  191    12     8
  192    26    29
  193    37    42
  194    24    30
  195    41    47
  196     8    12
  197    13    10
  198    21    24
  199     9     5
  200    14    11
  201    49    53
  202    48    51
  203     1     1
  204    38    41
  205    59    53
  206     6     3
  207    34    38
  208    66    60
  209    32    29
  210     4     3
  211    42    38
  212    28    26
  213     4     9
  214    27    27
  215    13     8
  216    53    49
  217    23    22
  218    32    26
  219    33    39
  220    48    52
  221     7     4
  222    46    51
  223    24    19
  224    55    54
  225     8     6
  226    42    46
  227    44    49
  228    38    39
  229    36    37
  230    51    53
  231    10     7
  232    27    24
  233     9     3
  234    58    56
  235     1     7
  236    12    10
  237    13     7
  238    34    39
  239    44    39
  240     1     3
  241    18    15
  242    56    53
  243    50    47
  244    48    45
  245    19    16
  246    30    25
  247     1     4
  248     9     8
  249    37    38
  250    14    10
  251    58    57
  252    48    49
  253    10     7
  254    28    32
  255    22    17
  256    14    15
  257    44    38
  258    11     6
  259    19    13
  260    46    51
  261    11    13
  262    21    27
  263    25    25
  264    32    33
  265    56    57
  266    22    16
  267    19    16
  268    22    18
  269    45    43
  270    57    53
  271    46    42
  272    19    13
  273    21    22
  274    33    33
  275     9    15
  276    44    44
  277    44    45
  278    38    44
  279    36    31
  280     1     6
  281    17    15
  282    46    44
  283    42    37
  284    46    41
  285    56    54
  286    32    35
  287    18    13
  288    54    51
  289    18    15
  290    14    17
  291    30    32
  292    18    18
  293    40    42
  294    20    24
  295    52    49
  296    42    37
  297    56    52
  298    51    48
  299    38    32
  300    20    18
  301    34    34
  302    16    17
  303    37    40
  304    33    31
  305    31    29
  306    14    14
  307    34    33
  308     6    11
  309    13    18
  310    30    25
  311    24    20
  312    53    52
  313    16    20
  314    44    40
  315    43    40
  316     3     8
  317     6     7
  318    10    15
  319    20    20
  320    24    23
  321    44    44
  322    26    29
  323    34    30
  324     7    12
  325    44    39
  326    38    37
  327    60    56
  328    19    25
  329    35    36
  330    51    55
  331    38    38
  332    55    49
  333    44    47
  334     2     2
  335    42    44
  336    28    33
  337    37    41
  338    13    17
  339    39    42
  340     1     2
  341    11     7
  342    61    60
  343    14    16
  344    46    46
  345    12    18
  346     8    13
  347    27    22
  348    34    28
  349    23    27
  350    50    53
  351    37    38
  352     7    10
  353    48    54
  354    29    26
  355    52    54
  356    33    27
  357     9     5
  358    15     9
  359    27    29
  360    47    52
  361    23    20
  362     8    11
  363    19    15
  364    17    20
  365    24    28
  366    59    53
  367    43    47
76328
