429
    1    44    34
    2    71    61
    3    63    53
    4    17     7
    5    45    35
    6    51    41
    7    12     2
    8    73    63
    9    41    31
   10    12     2
   11    52    42
   12    26    16
   13    58    48
   14    24    14
   15    68    58
   16    36    26
   17    42    32
   18    65    55
   19    49    39
   20    17     7
   21    58    48
   22    26    16
   23    34    24
   24    44    34
   25    59    49
   26    30    20
   27    57    47
   28    17     7
   29    55    45
   30    16     6
   31    25    15
   32    73    63
   33    54    44
   34    55    45
   35    25    15
   36    75    65
   37    26    16
   38    31    21
   39    21    11
   40    22    12
   41    52    42
   42    24    14
   43    58    48
   44    30    20
   45    75    65
   46    29    19
   47    23    13
   48    67    57
   49    41    31
   50    44    34
   51    53    43
   52    49    39
   53    43    33
   54    21    11
   55    64    54
   56    58    48
   57    64    54
   58    13     3
   59    54    44
   60    21    11
   61    34    24
   62    70    60
   63    32    22
   64    65    55
   65    74    64
   66    67    57
   67    58    48
   68    76    66
   69    73    63
   70    30    20
   71    76    66
   72    64    54
   73    53    43
   74    60    50
   75    11     1
   76    14     4
   77    37    27
   78    45    35
   79    73    63
   80    36    26
   81    34    24
   82    49    39
   83    30    20
   84    64    54
   85    57    47
   86    62    52
   87    42    32
   88    60    50
   89    32    22
   90    63    53
   91    25    15
   92    50    40
   93    52    42
   94    75    65
   95    68    58
   96    59    49
   97    28    18
   98    17     7
   99    33    23
  100    16     6
  101    41    31
  102    16     6
  103    17     7
  104    17     7
  105    18     8
  106    22    12
  107    67    57
  108    72    62
  109    37    27
  110    53    43
  111    70    60
  112    35    25
  113    16     6
  114    39    29
  115    61    51
  116    27    17
  117    23    13
  118    27    17
  119    37    27
  120    68    58
  121    53    43
  122    21    11
  123    21    11
  124    65    55
  125    48    38
  126    48    38
  127    59    49
  128    26    16
  129    14     4
  130    43    33
  131    39    29
  132    48    38
  133    73    63
  134    56    46
  135    31    21
  136    14     4
  137    43    33
  138    71    61
  139    18     8
  140    30    20
  141    50    40
  142    56    46
  143    70    60
  144    48    38
  145    25    15
  146    14     4
  147    46    36
  148    32    22
  149    48    38
  150    15     5
  151    53    43
  152    15     5
  153    75    65
  154    63    53
  155    42    32
  156    46    36
  157    45    35
  158    49    39
  159    71    61
  160    38    28
  161    58    48
  162    56    46
  163    26    16
  164    55    45
  165    67    57
  166    34    24
  167    52    42
  168    13     3
  169    30    20
  170    54    44
  171    74    64
  172    75    65
  173    38    28
  174    41    31
  175    41    31
  176    34    24
  177    51    41
  178    53    43
  179    14     4
  180    29    19
  181    39    29
  182    23    13
  183    45    35
  184    60    50
  185    23    13
  186    12     2
  187    64    54
  188    33    23
  189    61    51
  190    53    43
  191    54    44
  192    11     1
  193    22    12
  194    50    40
  195    59    49
  196    71    61
  197    39    29
  198    53    43
  199    49    39
  200    41    31
  201    18     8
  202    57    47
  203    27    17
  204    76    66
  205    33    23
  206    51    41
  207    59    49
  208    72    62
  209    68    58
  210    16     6
  211    53    43
  212    68    58
  213    54    44
  214    61    51
  215    23    13
  216    39    29
  217    65    55
  218    75    65
  219    60    50
  220    67    57
  221    11     1
  222    38    28
  223    68    58
  224    57    47
  225    14     4
  226    50    40
  227    36    26
  228    44    34
  229    36    26
  230    65    55
  231    59    49
  232    30    20
  233    68    58
  234    12     2
  235    20    10
  236    72    62
  237    68    58
  238    57    47
  239    39    29
  240    28    18
  241    54    44
  242    68    58
  243    59    49
  244    55    45
  245    48    38
  246    39    29
  247    49    39
  248    14     4
  249    46    36
  250    34    24
  251    47    37
  252    61    51
  253    72    62
  254    73    63
  255    60    50
  256    41    31
  257    69    59
  258    24    14
  259    72    62
  260    27    17
  261    76    66
  262    75    65
  263    38    28
  264    76    66
  265    71    61
  266    37    27
  267    33    23
  268    51    41
  269    27    17
  270    74    64
  271    25    15
  272    18     8
  273    62    52
  274    23    13
  275    49    39
  276    66    56
  277    36    26
  278    58    48
  279    29    19
  280    22    12
  281    46    36
  282    65    55
  283    75    65
  284    39    29
  285    46    36
  286    16     6
  287    18     8
  288    26    16
  289    36    26
  290    21    11
  291    39    29
  292    11     1
  293    27    17
  294    32    22
  295    68    58
  296    12     2
  297    19     9
  298    29    19
  299    65    55
  300    45    35
  301    50    40
  302    69    59
  303    57    47
  304    59    49
  305    26    16
  306    30    20
  307    11     1
  308    70    60
  309    44    34
  310    43    33
  311    33    23
  312    71    61
  313    37    27
  314    18     8
  315    32    22
  316    42    32
  317    48    38
  318    58    48
  319    66    56
  320    52    42
  321    56    46
  322    27    17
  323    25    15
  324    50    40
  325    49    39
  326    11     1
  327    46    36
  328    60    50
  329    72    62
  330    53    43
  331    57    47
  332    20    10
  333    75    65
  334    60    50
  335    14     4
  336    65    55
  337    14     4
  338    23    13
  339    62    52
  340    18     8
  341    11     1
  342    57    47
  343    22    12
  344    51    41
  345    11     1
  346    51    41
  347    52    42
  348    47    37
  349    47    37
  350    58    48
  351    63    53
  352    63    53
  353    13     3
  354    32    22
  355    16     6
  356    61    51
  357    47    37
  358    41    31
  359    52    42
  360    15     5
  361    30    20
  362    40    30
  363    11     1
  364    48    38
  365    71    61
  366    54    44
  367    43    33
  368    76    66
  369    17     7
  370    30    20
  371    14     4
  372    14     4
  373    19     9
  374    32    22
  375    50    40
  376    27    17
  377    70    60
  378    50    40
  379    28    18
  380    44    34
  381    17     7
  382    71    61
  383    33    23
  384    40    30
  385    17     7
  386    18     8
  387    27    17
  388    15     5
  389    32    22
  390    71    61
  391    74    64
  392    42    32
  393    76    66
  394    35    25
  395    40    30
  396    51    41
  397    65    55
  398    57    47
  399    18     8
  400    35    25
  401    45    35
  402    55    45
  403    41    31
  404    54    44
  405    49    39
  406    35    25
  407    43    33
  408    71    61
  409    51    41
  410    31    21
  411    33    23
  412    59    49
  413    67    57
  414    34    24
  415    58    48
  416    14     4
  417    74    64
  418    23    13
  419    68    58
  420    14     4
  421    59    49
  422    60    50
  423    18     8
  424    52    42
  425    37    27
  426    12     2
  427    75    65
  428    38    28
  429    66    56
109470
