4493
    1    22     6
    2   206   186
    3    31    36
    4   193   196
    5   146   159
    6   160   148
    7   136   161
    8   132   142
    9    95    79
   10   184   188
   11   137   138
   12    79    56
   13   131   139
   14    53    64
   15    26    47
   16    36    13
   17   119   101
   18    38    44
   19   234   234
   20   144   119
   21   118   110
   22    64    78
   23   176   156
   24   135   132
   25   242   233
   26    45    64
   27   232   223
   28   116   102
   29   217   214
   30   146   141
   31   173   173
   32   159   145
   33    55    68
   34     1    16
   35   214   226
   36   139   122
   37   221   215
   38   122   122
   39   159   155
   40   267   256
   41   133   114
   42    88    91
   43   149   130
   44   161   181
   45   227   203
   46   106   104
   47   283   258
   48    84    67
   49   183   189
   50   138   140
   51    56    48
   52   125   124
   53    22    20
   54    33    56
   55   192   200
   56    80    96
   57   239   230
   58    39    47
   59    48    44
   60    47    42
   61    58    81
   62   139   133
   63    98    95
   64    86   109
   65    31    18
   66   161   176
   67    23    38
   68    92   106
   69    58    50
   70   218   230
   71   172   174
   72   101    84
   73   243   251
   74    54    33
   75   253   243
   76   174   149
   77     1     4
   78   188   187
   79   133   111
   80     1     3
   81    32    40
   82   162   150
   83    50    52
   84   208   219
   85   244   247
   86   180   156
   87    87   107
   88   222   246
   89   201   223
   90    70    86
   91   102   127
   92   155   139
   93    52    59
   94   183   199
   95   184   189
   96    57    80
   97     4    10
   98   163   170
   99   275   259
  100    18    34
  101     1     2
  102    73    67
  103   104   128
  104   144   151
  105   177   196
  106    22    26
  107   183   174
  108    62    60
  109   153   153
  110    63    69
  111    70    88
  112   217   242
  113    48    54
  114    97   108
  115   168   143
  116    47    28
  117   158   149
  118   174   188
  119   195   211
  120    53    62
  121   175   187
  122   130   110
  123    79    56
  124    41    44
  125    67    67
  126   112   125
  127    56    36
  128    85    90
  129    61    84
  130   107   105
  131   186   193
  132   228   211
  133   196   198
  134   159   143
  135    82    77
  136   172   188
  137    23     6
  138   134   159
  139    47    28
  140   159   149
  141   173   164
  142   114   139
  143    67    60
  144   126   141
  145   144   146
  146   145   163
  147   243   257
  148   267   245
  149   116   120
  150   184   204
  151   109    91
  152   108    96
  153   136   138
  154    23    42
  155   102   118
  156    45    34
  157    11     4
  158    65    65
  159   172   191
  160    93    74
  161    56    70
  162    45    28
  163   135   149
  164   239   218
  165    22    11
  166   240   251
  167   160   181
  168    61    49
  169    26    43
  170   176   200
  171   184   173
  172   234   254
  173   146   126
  174    98    74
  175   245   253
  176   165   173
  177    72    93
  178    66    81
  179    25    19
  180   220   233
  181   119   113
  182   246   243
  183   235   247
  184    47    50
  185   213   191
  186    32    21
  187   124   122
  188   132   115
  189   115   107
  190   162   156
  191   202   205
  192   174   179
  193    27    31
  194   194   181
  195   247   224
  196   213   234
  197   203   185
  198   139   132
  199    73    72
  200   164   139
  201   250   245
  202     7    20
  203   132   153
  204    83    97
  205   198   201
  206   168   170
  207   214   220
  208   151   130
  209   123   129
  210    12    31
  211    15    16
  212   112   102
  213    28    52
  214   128   146
  215     1    17
  216   229   224
  217   271   249
  218   230   206
  219   243   219
  220   219   219
  221    28    35
  222   223   201
  223   134   114
  224    88    74
  225    59    79
  226   103    85
  227   103   117
  228   186   169
  229   148   155
  230   112    91
  231    98   116
  232   182   180
  233   158   163
  234   160   166
  235    86    99
  236   100   122
  237    56    39
  238   190   175
  239   256   238
  240   136   115
  241   175   177
  242   193   178
  243   172   153
  244   167   187
  245   163   144
  246   220   242
  247   212   205
  248   216   213
  249    48    42
  250   203   221
  251   230   228
  252    22    17
  253   100    87
  254    36    45
  255    83    84
  256    14    37
  257    55    34
  258   101    98
  259   248   235
  260   157   182
  261   237   250
  262    22    32
  263   277   256
  264    62    69
  265    47    45
  266    40    17
  267   129   152
  268   148   162
  269   209   188
  270   166   180
  271    20     6
  272   217   210
  273   215   194
  274    75    94
  275   142   158
  276   200   197
  277   178   176
  278    40    54
  279   203   203
  280    97    93
  281    53    43
  282   181   183
  283    85   100
  284    92    76
  285    84   108
  286   259   239
  287   200   181
  288   119    97
  289   217   197
  290   224   234
  291   166   141
  292    90    93
  293   205   224
  294   157   145
  295   247   234
  296   106   102
  297    35    12
  298   257   251
  299   248   245
  300    78    84
  301    11    27
  302   259   242
  303    50    59
  304   250   259
  305   264   246
  306   243   230
  307    71    84
  308   237   251
  309   240   257
  310   114    91
  311    30    37
  312   255   236
  313   208   204
  314    39    43
  315    60    55
  316    18    10
  317   170   195
  318   126   150
  319    44    25
  320   182   166
  321   170   151
  322   184   160
  323    95    82
  324   141   153
  325    97    75
  326    47    33
  327    99    87
  328   169   191
  329   118   103
  330   237   250
  331    48    36
  332   197   193
  333   230   227
  334   161   142
  335   143   120
  336    50    43
  337     8     5
  338   214   212
  339    34    47
  340   201   195
  341   235   212
  342   131   130
  343    71    68
  344   182   158
  345     2     8
  346    81   105
  347   246   246
  348    77    88
  349   202   202
  350   102    95
  351    93    99
  352    23    44
  353    97   122
  354   107    95
  355   223   207
  356   181   191
  357   110   124
  358   204   182
  359   201   188
  360   176   201
  361   220   220
  362    98   123
  363   171   165
  364    78    60
  365   247   247
  366    36    38
  367   232   247
  368    86   107
  369   108   111
  370   135   159
  371   189   211
  372   200   214
  373    56    56
  374   126   150
  375    68    88
  376    79    75
  377   246   233
  378   216   199
  379   109   112
  380    77    61
  381   222   197
  382   244   233
  383   100   117
  384   236   243
  385    46    52
  386   200   206
  387   214   211
  388    26    51
  389    27    38
  390    66    44
  391    28    11
  392   235   257
  393    22    21
  394   186   175
  395   185   196
  396   120   129
  397   182   181
  398   252   240
  399   244   226
  400   120   132
  401   138   120
  402   180   166
  403   100    82
  404   237   219
  405   243   244
  406   227   251
  407   191   175
  408     1    12
  409   155   148
  410   118    95
  411   243   221
  412    22     2
  413    53    49
  414     5    21
  415   160   157
  416   206   184
  417   173   184
  418    21    29
  419   121    99
  420   129   114
  421    22    19
  422   186   204
  423   236   257
  424    72    58
  425   161   144
  426    91    87
  427   145   130
  428   199   214
  429   254   255
  430   226   213
  431   123   108
  432   200   176
  433    55    41
  434    97    73
  435    34    49
  436   113   133
  437    10     7
  438   128   108
  439    48    25
  440   194   211
  441   218   226
  442   159   170
  443    36    53
  444   260   252
  445   198   217
  446    27    42
  447   239   244
  448   240   220
  449   125   117
  450   212   202
  451   170   176
  452    73    92
  453   175   177
  454   208   198
  455   212   223
  456   118   139
  457    90   115
  458    52    31
  459    82    84
  460    56    60
  461    75    76
  462   166   167
  463    35    39
  464   103    91
  465    78    81
  466   160   162
  467   112    87
  468   156   132
  469    86    87
  470   204   202
  471   221   233
  472   192   184
  473    12    36
  474   235   241
  475   117   107
  476    84    98
  477    75    57
  478   238   244
  479   177   173
  480   178   187
  481    19    19
  482   163   159
  483   236   257
  484   134   158
  485   248   238
  486   143   162
  487   225   200
  488   218   224
  489   113    98
  490    23    18
  491   235   235
  492   145   168
  493   218   199
  494    67    52
  495   125   103
  496   171   159
  497   201   217
  498   213   224
  499    77    89
  500    60    58
  501   108   127
  502   216   240
  503   102   105
  504   250   232
  505    20    14
  506    69    78
  507   117   126
  508   249   235
  509    94    83
  510   158   147
  511   220   235
  512   105   129
  513    88   108
  514   120   127
  515   282   258
  516   150   171
  517    72    63
  518   226   218
  519   216   219
  520    80    68
  521   170   173
  522    54    55
  523   230   253
  524   125   119
  525   157   170
  526    58    44
  527    61    72
  528   194   170
  529   101   104
  530   183   191
  531   208   193
  532   191   203
  533   230   210
  534    24    15
  535   181   198
  536   229   223
  537    47    24
  538   243   222
  539   255   233
  540    71    52
  541   158   171
  542   175   169
  543    70    77
  544   149   142
  545   114   125
  546    31    16
  547   119   103
  548    34    29
  549    20    33
  550    40    27
  551   165   189
  552    57    45
  553    15    31
  554    98   114
  555    89   113
  556    17     6
  557     2     6
  558    41    39
  559    99   108
  560   214   213
  561     9    24
  562   205   220
  563    69    78
  564   181   176
  565    24    46
  566   197   182
  567   135   137
  568   178   193
  569   189   190
  570   254   241
  571   108   121
  572   186   176
  573    29    16
  574   115   115
  575   118   113
  576   213   237
  577    45    34
  578    44    44
  579    61    56
  580     8    17
  581   187   176
  582     1     6
  583    70    56
  584    74    98
  585   113   130
  586    88   104
  587   219   196
  588   197   212
  589    37    59
  590   222   236
  591   272   248
  592   133   111
  593    21    27
  594   181   205
  595   160   175
  596   221   226
  597   184   169
  598    97    92
  599   210   233
  600   138   141
  601   253   244
  602    86    75
  603   124   108
  604   101   116
  605    13    19
  606   264   252
  607    73    57
  608    23    15
  609    13    10
  610   134   146
  611    82   100
  612   228   205
  613    55    60
  614    25    16
  615     7     4
  616    56    60
  617   211   199
  618   125   104
  619    55    50
  620    86    87
  621    60    65
  622   173   196
  623   148   167
  624   235   225
  625   160   184
  626   187   210
  627   156   178
  628    26    14
  629   200   185
  630   124   119
  631   240   224
  632   107    96
  633    25     3
  634   120   107
  635   138   131
  636   181   200
  637   172   172
  638    60    42
  639   235   229
  640   235   247
  641    19    20
  642    95    74
  643    42    21
  644    30    29
  645    54    58
  646   131   135
  647   180   181
  648   138   163
  649   107   125
  650   246   243
  651    36    39
  652   174   152
  653    58    49
  654    92   114
  655   194   214
  656   107    84
  657   177   162
  658   259   238
  659   245   237
  660   202   191
  661   142   133
  662    30     8
  663   173   198
  664   149   124
  665   105    94
  666   237   258
  667   120   129
  668   168   156
  669    16    11
  670    72    85
  671   192   195
  672   160   141
  673    47    71
  674   207   194
  675   158   169
  676    22    12
  677    30    36
  678   245   230
  679    64    51
  680   138   158
  681   111   107
  682    78    83
  683   100    92
  684   218   243
  685   134   159
  686   122   146
  687    59    47
  688   225   242
  689   218   243
  690   174   159
  691    15    11
  692   168   145
  693   211   198
  694   186   167
  695    73    48
  696   101   104
  697    39    21
  698   244   225
  699    70    75
  700   189   199
  701   170   177
  702    94    83
  703    27    49
  704    64    44
  705   125   128
  706    42    30
  707   216   236
  708   249   226
  709   114   110
  710   111   107
  711     1     7
  712    82    67
  713    39    62
  714   205   209
  715   101    84
  716   182   166
  717   103    92
  718    37    24
  719     1    17
  720   135   133
  721    73    49
  722   259   238
  723   181   195
  724   267   259
  725    11     6
  726   103   105
  727   119   120
  728   169   177
  729   176   185
  730   126   151
  731    87    93
  732   131   132
  733    20    27
  734     1     4
  735   197   191
  736   100    87
  737   180   197
  738    75    94
  739   207   192
  740    20    22
  741   111    95
  742   122   124
  743   233   217
  744    20     1
  745   112   128
  746    58    66
  747   202   196
  748    75    96
  749   160   143
  750   231   212
  751   174   153
  752    95    89
  753    61    81
  754   179   200
  755   191   190
  756     1    11
  757   154   142
  758   234   246
  759    56    66
  760   208   187
  761   130   119
  762   134   151
  763    39    54
  764    98    77
  765   177   158
  766    98   110
  767    90   105
  768    50    34
  769   156   154
  770   111    88
  771    27    24
  772   231   217
  773    12    16
  774    44    51
  775   257   235
  776   235   225
  777   259   258
  778    71    72
  779   177   192
  780     7    10
  781     9    25
  782   156   134
  783   184   163
  784   153   165
  785   239   259
  786    51    31
  787   213   237
  788   246   221
  789   165   168
  790   171   187
  791     5    15
  792   205   188
  793   270   249
  794   220   207
  795   193   213
  796     1    10
  797   192   177
  798    73    51
  799   126   112
  800   188   179
  801    66    89
  802   238   217
  803   255   239
  804    60    49
  805    60    72
  806   216   193
  807   183   196
  808   109   111
  809   118   100
  810   200   221
  811   118   124
  812   179   177
  813   103    90
  814    37    23
  815   138   136
  816   118   142
  817    76    86
  818   176   152
  819   115   130
  820    49    50
  821    38    37
  822   231   250
  823     3    18
  824   117    93
  825    74    58
  826   217   229
  827   204   214
  828    56    68
  829    33    24
  830   163   188
  831    76    78
  832    71    75
  833   225   216
  834   222   246
  835    41    34
  836   217   222
  837   170   192
  838    13     9
  839    77    67
  840   201   188
  841   166   151
  842   241   221
  843   197   192
  844   143   155
  845   144   149
  846   261   258
  847   107   124
  848    12    12
  849   187   209
  850   240   246
  851    55    46
  852    12     2
  853     6     5
  854   176   183
  855   114   115
  856   225   243
  857   231   252
  858   128   105
  859    58    56
  860   225   246
  861   249   249
  862     6    13
  863   206   200
  864   116   107
  865   183   186
  866    41    48
  867   238   221
  868   126   151
  869    98    90
  870   253   248
  871   133   156
  872    58    51
  873    60    83
  874   257   244
  875     7    18
  876   180   156
  877   180   180
  878    23    34
  879   173   156
  880    89    72
  881   254   252
  882   193   203
  883    31    29
  884   161   138
  885     1     4
  886   166   187
  887    18    25
  888     2    25
  889    70    79
  890   134   112
  891   121   139
  892   181   196
  893   241   220
  894   127   136
  895    76    72
  896   149   150
  897   211   208
  898    63    42
  899   214   198
  900    36    18
  901    53    28
  902    20    15
  903    22    28
  904    92    76
  905   160   158
  906   210   215
  907   129   117
  908   207   207
  909    90    92
  910   133   156
  911    82    61
  912   178   187
  913   100   123
  914    40    64
  915    67    60
  916   139   149
  917    36    38
  918   110   132
  919   186   164
  920   106    92
  921   213   188
  922    10    27
  923   261   247
  924    26    42
  925   137   129
  926    19    27
  927   236   245
  928    28    14
  929   167   184
  930   230   252
  931   200   185
  932    22    23
  933     1    14
  934   221   228
  935    24    30
  936     1    22
  937    48    73
  938   189   199
  939    57    51
  940   140   131
  941    87    86
  942   242   221
  943     9     8
  944    75    60
  945    98    86
  946   136   114
  947    49    47
  948   130   153
  949   267   259
  950   174   160
  951   245   223
  952    16    15
  953    25    13
  954   136   126
  955   187   203
  956   108    83
  957   162   152
  958   185   182
  959   250   253
  960   106    86
  961   147   136
  962    95    83
  963   102    81
  964    53    28
  965   117   122
  966   254   231
  967   137   136
  968   205   220
  969   193   198
  970   216   226
  971    73    91
  972    40    16
  973   228   246
  974   124   135
  975   250   258
  976   154   138
  977    67    77
  978    47    33
  979   270   248
  980   265   255
  981    59    76
  982    90    71
  983   179   172
  984    97    79
  985   130   141
  986    66    41
  987    54    43
  988    79    80
  989    27    35
  990    33    27
  991   240   256
  992   129   137
  993   193   216
  994   109   133
  995    81    66
  996   257   258
  997   211   216
  998   117   123
  999     1     4
 1000    94    88
 1001   226   245
 1002   248   242
 1003   233   213
 1004   278   258
 1005   166   141
 1006   208   225
 1007    70    45
 1008   171   152
 1009   202   215
 1010   121   132
 1011   221   218
 1012   125   134
 1013   128   126
 1014    74    90
 1015    46    56
 1016   151   147
 1017   220   202
 1018    18    26
 1019   104    81
 1020    52    52
 1021   156   150
 1022   185   180
 1023    40    34
 1024    54    50
 1025   170   171
 1026   128   141
 1027    49    59
 1028   120    97
 1029    24     8
 1030   239   241
 1031    41    56
 1032   111   106
 1033   166   174
 1034   153   170
 1035   226   224
 1036   177   160
 1037    30    31
 1038   230   244
 1039    26     4
 1040   221   201
 1041   198   207
 1042   257   238
 1043     1    10
 1044    89    70
 1045   152   163
 1046     1    10
 1047   145   127
 1048   157   162
 1049    92   106
 1050    45    67
 1051   216   227
 1052    78    94
 1053   212   232
 1054   103    78
 1055   117    97
 1056    35    11
 1057   221   221
 1058    50    40
 1059   259   239
 1060   144   165
 1061   277   252
 1062    25    17
 1063   234   245
 1064    64    57
 1065   253   235
 1066   242   242
 1067   219   216
 1068    17    33
 1069    29    45
 1070   177   192
 1071   125   118
 1072   246   244
 1073   189   205
 1074   124   130
 1075   253   248
 1076   182   180
 1077   109    98
 1078    31    37
 1079    36    54
 1080   150   125
 1081     1    18
 1082   170   193
 1083    47    28
 1084   134   150
 1085    53    72
 1086    26     3
 1087   161   150
 1088   178   187
 1089    13    22
 1090    83    58
 1091   256   250
 1092    71    76
 1093   118   123
 1094   161   150
 1095    85   104
 1096    59    65
 1097    69    58
 1098   197   183
 1099   245   256
 1100   215   216
 1101   193   191
 1102   273   252
 1103   132   147
 1104   225   218
 1105    91   114
 1106   101   101
 1107   226   214
 1108   156   159
 1109    37    31
 1110   206   181
 1111    88    71
 1112   268   254
 1113   147   126
 1114    41    29
 1115    81    79
 1116   222   228
 1117   264   247
 1118   277   255
 1119   219   232
 1120    84    76
 1121    42    28
 1122    51    45
 1123    65    54
 1124    99    86
 1125   154   137
 1126   181   160
 1127   177   184
 1128   156   139
 1129    67    79
 1130   124   130
 1131    57    73
 1132    13     1
 1133    96   121
 1134    82    67
 1135   242   248
 1136    68    64
 1137     1    22
 1138   185   164
 1139    84    91
 1140   171   156
 1141    71    85
 1142    95    89
 1143   180   188
 1144   181   185
 1145   156   172
 1146    78    54
 1147    89    69
 1148    52    37
 1149   200   223
 1150    53    63
 1151   191   193
 1152    72    72
 1153    72    49
 1154   105    84
 1155    81    85
 1156   222   229
 1157   252   227
 1158   203   217
 1159   224   203
 1160    65    68
 1161   120   114
 1162   171   181
 1163    51    36
 1164   116    98
 1165     1    17
 1166   239   231
 1167   154   134
 1168    13     9
 1169    96   116
 1170   199   182
 1171   232   249
 1172    63    75
 1173   204   197
 1174   240   227
 1175   152   151
 1176   194   177
 1177     8    14
 1178   199   193
 1179    52    27
 1180   140   142
 1181   192   207
 1182   102   119
 1183   258   244
 1184    47    32
 1185   155   178
 1186     3     6
 1187   202   216
 1188   151   160
 1189    90    66
 1190   106    84
 1191   246   226
 1192    69    90
 1193     3     8
 1194   208   191
 1195   252   243
 1196    18     7
 1197    92    94
 1198     1     5
 1199    70    92
 1200    22     2
 1201   145   166
 1202    53    34
 1203    94   115
 1204   134   111
 1205     1     1
 1206   271   257
 1207    34    12
 1208   234   216
 1209   120   100
 1210    37    48
 1211   179   166
 1212   181   194
 1213    37    40
 1214    31    48
 1215    54    78
 1216   137   161
 1217     5    22
 1218   150   163
 1219   247   250
 1220     1    12
 1221   142   164
 1222    64    65
 1223   213   199
 1224   109   109
 1225   185   189
 1226    81    90
 1227    98   116
 1228    41    52
 1229     1     9
 1230   109   105
 1231    78    71
 1232   240   232
 1233   203   204
 1234   143   166
 1235    71    65
 1236   227   231
 1237    61    41
 1238   228   220
 1239   107    96
 1240    35    12
 1241   210   207
 1242    69    89
 1243    85    71
 1244    23    30
 1245    56    70
 1246   246   236
 1247    49    24
 1248    26     5
 1249   173   179
 1250   138   163
 1251     1     9
 1252   125   139
 1253   102   127
 1254   216   221
 1255    84    87
 1256    96   105
 1257    69    80
 1258    10    29
 1259    67    69
 1260   192   215
 1261    98    97
 1262    93    78
 1263   198   198
 1264    85    64
 1265   116   105
 1266   132   124
 1267    96   113
 1268    88    88
 1269   243   254
 1270     2    24
 1271   197   195
 1272    76    86
 1273    76    98
 1274   243   228
 1275    74    94
 1276   144   146
 1277    47    63
 1278    54    61
 1279   185   181
 1280   133   126
 1281   247   229
 1282   273   255
 1283   161   173
 1284   101   104
 1285   183   180
 1286   108   109
 1287   106    96
 1288   139   117
 1289    22    38
 1290    91    92
 1291   158   168
 1292   183   193
 1293   180   191
 1294   236   229
 1295     1     9
 1296   129   112
 1297    74    93
 1298   201   222
 1299    87    76
 1300   179   154
 1301    43    44
 1302   126   125
 1303   127   135
 1304    63    53
 1305   174   168
 1306   210   233
 1307   207   192
 1308    28     6
 1309   178   173
 1310   200   176
 1311     1     3
 1312   229   205
 1313   201   222
 1314   259   234
 1315   132   121
 1316   144   128
 1317     7    30
 1318    54    68
 1319    30    55
 1320    64    51
 1321   106    88
 1322    26     9
 1323   143   157
 1324   146   130
 1325    61    56
 1326    99   103
 1327    34    22
 1328   217   197
 1329   124   148
 1330   145   169
 1331   160   165
 1332    16     1
 1333   242   254
 1334    26    49
 1335   194   170
 1336   207   220
 1337    17    11
 1338   135   136
 1339    47    31
 1340   169   183
 1341   111    94
 1342    53    44
 1343   100   118
 1344    55    47
 1345   232   237
 1346    58    51
 1347   247   244
 1348    77    75
 1349   106   130
 1350    83    88
 1351   114   129
 1352     1    11
 1353   164   159
 1354   245   249
 1355    23     6
 1356   253   230
 1357   112   118
 1358   174   161
 1359    23     5
 1360   265   255
 1361   166   169
 1362   208   208
 1363   181   189
 1364   124   106
 1365   133   108
 1366   130   122
 1367    26    19
 1368   186   201
 1369    28    25
 1370   184   198
 1371   155   156
 1372   227   236
 1373   129   119
 1374   123   130
 1375    17     8
 1376    30    16
 1377    19    30
 1378   205   184
 1379   115   119
 1380    44    56
 1381   101   115
 1382   231   239
 1383    46    39
 1384    42    29
 1385   140   118
 1386   208   188
 1387   188   211
 1388   131   130
 1389    71    93
 1390     5    21
 1391   209   219
 1392   152   170
 1393    69    54
 1394    89   100
 1395   144   162
 1396   257   234
 1397   209   218
 1398   229   243
 1399   120   100
 1400   191   198
 1401    67    69
 1402   169   189
 1403     1    24
 1404   156   135
 1405   218   213
 1406   234   213
 1407    21    11
 1408    64    42
 1409   269   258
 1410   264   258
 1411   129   144
 1412   154   167
 1413    55    59
 1414    65    59
 1415    43    44
 1416   111   117
 1417    61    63
 1418   119   142
 1419    85    83
 1420    29    47
 1421   109   130
 1422   131   111
 1423    25    19
 1424   152   152
 1425   238   233
 1426   238   253
 1427   192   201
 1428     2    26
 1429    82    58
 1430   165   151
 1431   128   138
 1432    23    20
 1433   107   106
 1434    34    58
 1435   107   109
 1436    47    65
 1437   210   207
 1438   132   115
 1439   221   199
 1440    80    66
 1441   117   129
 1442    13    25
 1443   156   149
 1444   184   167
 1445   186   207
 1446   170   193
 1447   124   138
 1448   106    96
 1449   103   119
 1450   211   224
 1451    50    39
 1452   179   156
 1453   138   154
 1454   106    81
 1455   141   126
 1456   250   247
 1457    36    21
 1458   121   104
 1459   246   243
 1460   238   231
 1461    20    15
 1462   161   182
 1463   253   247
 1464   225   204
 1465   194   175
 1466    93    77
 1467   222   216
 1468   198   201
 1469   253   239
 1470    73    78
 1471    66    46
 1472    79    75
 1473   157   177
 1474   214   234
 1475   233   227
 1476   174   152
 1477    69    89
 1478    61    46
 1479   180   199
 1480    33     9
 1481   136   129
 1482    79    56
 1483   263   248
 1484   112   111
 1485   116   127
 1486   114   134
 1487   160   137
 1488   120   110
 1489    33    27
 1490   208   209
 1491    53    50
 1492   199   196
 1493   143   150
 1494    74    64
 1495    37    24
 1496    66    88
 1497   258   239
 1498   140   116
 1499   208   191
 1500   216   241
 1501    38    24
 1502   228   206
 1503    69    79
 1504   142   123
 1505    38    14
 1506   145   144
 1507   252   232
 1508   243   231
 1509   102   122
 1510    52    30
 1511    27    21
 1512   188   173
 1513   129   128
 1514   136   119
 1515    65    51
 1516   123   124
 1517   174   174
 1518   183   191
 1519   258   247
 1520    39    52
 1521   107    90
 1522     1     5
 1523    70    52
 1524   222   200
 1525   102    97
 1526   216   202
 1527   100    89
 1528    57    53
 1529    71    65
 1530   148   141
 1531    54    53
 1532   214   239
 1533    69    55
 1534   244   234
 1535   247   257
 1536     8    15
 1537   238   223
 1538   204   220
 1539   197   181
 1540   102    84
 1541   139   146
 1542   203   181
 1543    75    83
 1544    51    63
 1545    42    43
 1546     9     6
 1547   174   168
 1548   254   244
 1549   140   156
 1550    36    29
 1551   240   229
 1552   231   221
 1553   236   224
 1554   142   165
 1555   125   130
 1556    81    94
 1557   101    76
 1558   200   207
 1559    67    51
 1560   188   184
 1561   205   227
 1562     1    11
 1563   198   184
 1564    48    38
 1565   146   171
 1566   108    85
 1567   210   223
 1568    37    24
 1569   144   120
 1570    55    67
 1571    55    70
 1572   193   197
 1573   239   238
 1574   130   133
 1575   107   112
 1576   109    89
 1577   168   164
 1578   122   112
 1579   200   206
 1580   166   143
 1581   236   219
 1582    53    78
 1583    39    60
 1584     3     6
 1585   175   190
 1586    24    12
 1587   224   207
 1588    65    59
 1589     1     7
 1590   186   182
 1591    23    32
 1592   105   117
 1593    41    53
 1594    30    50
 1595   177   162
 1596    33    12
 1597   208   184
 1598    71    91
 1599   169   189
 1600   139   140
 1601   155   165
 1602    93   100
 1603    63    50
 1604   109   114
 1605    93   106
 1606   198   173
 1607    24    16
 1608    36    39
 1609   169   153
 1610    77    67
 1611   254   259
 1612    11    31
 1613   217   205
 1614    96    94
 1615   271   253
 1616   132   149
 1617    86    89
 1618   216   231
 1619   164   155
 1620    26    23
 1621     1     3
 1622    43    21
 1623   120   124
 1624    17    24
 1625    88   106
 1626   248   254
 1627    75    85
 1628   233   257
 1629    82    62
 1630    86    61
 1631   188   165
 1632    78    91
 1633   261   239
 1634   272   256
 1635   155   139
 1636   100   101
 1637   205   180
 1638    69    91
 1639   189   184
 1640   162   174
 1641    45    33
 1642   156   152
 1643    93    69
 1644   172   176
 1645    40    28
 1646   193   217
 1647   260   251
 1648     1     6
 1649   190   207
 1650    76    99
 1651   217   202
 1652    13    11
 1653   110    91
 1654   223   198
 1655   160   174
 1656    11    16
 1657   240   232
 1658    94    74
 1659    66    85
 1660    83   108
 1661    62    51
 1662   185   199
 1663   215   229
 1664   157   160
 1665   134   158
 1666    65    87
 1667   219   222
 1668   169   193
 1669   105   125
 1670   164   139
 1671   149   170
 1672   200   186
 1673    83    65
 1674   242   258
 1675   168   181
 1676   182   186
 1677     9    29
 1678   138   155
 1679   141   152
 1680    69    72
 1681    33    43
 1682    35    19
 1683    78    79
 1684   245   223
 1685     1    19
 1686    82    91
 1687   172   181
 1688   129   110
 1689   130   120
 1690   234   219
 1691   116    94
 1692     1    13
 1693   268   244
 1694    25     4
 1695    48    25
 1696   158   154
 1697   128   103
 1698     1     7
 1699    50    30
 1700   201   207
 1701   183   192
 1702   149   158
 1703   194   204
 1704   177   201
 1705    29     5
 1706   200   199
 1707   188   171
 1708    61    83
 1709   218   219
 1710    99    81
 1711   118   108
 1712    25    25
 1713    44    53
 1714   221   237
 1715    27    22
 1716    38    16
 1717    13     5
 1718   185   164
 1719   197   188
 1720    71    54
 1721   114   118
 1722    12    24
 1723   217   238
 1724   190   197
 1725    16    24
 1726    25    46
 1727    61    53
 1728   223   231
 1729    52    27
 1730   181   163
 1731    98    92
 1732   161   162
 1733   260   259
 1734   165   165
 1735    60    42
 1736    12    10
 1737    81    96
 1738    12    18
 1739    66    44
 1740   115   100
 1741    33    53
 1742   246   232
 1743    86    93
 1744   121   134
 1745    89    85
 1746   162   163
 1747   187   167
 1748   213   234
 1749   209   202
 1750   150   131
 1751   233   243
 1752   250   242
 1753   178   168
 1754    98   108
 1755   154   155
 1756   161   173
 1757   205   216
 1758   191   184
 1759    52    56
 1760   233   218
 1761   141   151
 1762   129   117
 1763    57    68
 1764   120   127
 1765   149   146
 1766    39    19
 1767   139   142
 1768    83    60
 1769   188   171
 1770   138   144
 1771   188   188
 1772   238   214
 1773   278   256
 1774   117    98
 1775   162   160
 1776    97    74
 1777   250   245
 1778   125   117
 1779   223   202
 1780     5    22
 1781    49    71
 1782   138   158
 1783   187   187
 1784   143   164
 1785    85    89
 1786    29    15
 1787    98    82
 1788   218   208
 1789   216   193
 1790    23    39
 1791   116   140
 1792   174   163
 1793   204   202
 1794   174   158
 1795   200   220
 1796   228   220
 1797   187   199
 1798   197   183
 1799   141   159
 1800    59    71
 1801   112   121
 1802   139   149
 1803    37    21
 1804   269   259
 1805   235   251
 1806   154   171
 1807   177   190
 1808    55    75
 1809   120   118
 1810   117   141
 1811   115   110
 1812     8    15
 1813   236   252
 1814   110    94
 1815   222   231
 1816   164   184
 1817    43    59
 1818   236   245
 1819   169   187
 1820   190   212
 1821    25    45
 1822   147   144
 1823   181   191
 1824    82   105
 1825   127   105
 1826   109    94
 1827     1     1
 1828    80    94
 1829   167   145
 1830    78    71
 1831   142   119
 1832   135   149
 1833   124   100
 1834    17    20
 1835    98   106
 1836   196   173
 1837   177   173
 1838   152   176
 1839    84    89
 1840     1     9
 1841   254   242
 1842   234   257
 1843   176   179
 1844   212   198
 1845    67    52
 1846    67    50
 1847   234   239
 1848    79    67
 1849   151   147
 1850    15     1
 1851    15     1
 1852   163   153
 1853    60    82
 1854    97    94
 1855    64    41
 1856    24     2
 1857   117   137
 1858   143   153
 1859   240   224
 1860    60    62
 1861   115   105
 1862    59    42
 1863    63    52
 1864   127   144
 1865   232   240
 1866    24    42
 1867    27     3
 1868   220   208
 1869    12    21
 1870    44    59
 1871   131   128
 1872     9     2
 1873    47    22
 1874   163   154
 1875   100   115
 1876    78    76
 1877    89    77
 1878   171   149
 1879   130   115
 1880    94    79
 1881   108    83
 1882   166   176
 1883   239   252
 1884    32     8
 1885    62    83
 1886    23    42
 1887   168   188
 1888    49    29
 1889     1     1
 1890    96   116
 1891   162   182
 1892   229   244
 1893   215   228
 1894     1     7
 1895   120   120
 1896   186   170
 1897    86    86
 1898   278   254
 1899   124   136
 1900    13    18
 1901   138   115
 1902    36    17
 1903    80    98
 1904   197   217
 1905   168   156
 1906   150   147
 1907   223   246
 1908    36    60
 1909    83    75
 1910   253   257
 1911    10    34
 1912   180   191
 1913   174   172
 1914   207   206
 1915   147   153
 1916   185   170
 1917   118    94
 1918    41    47
 1919   135   156
 1920   183   167
 1921   109    98
 1922    30    33
 1923   153   146
 1924    59    51
 1925   168   151
 1926   163   186
 1927   231   246
 1928    48    57
 1929     1     2
 1930   101    78
 1931    73    80
 1932    84   107
 1933   167   164
 1934   196   200
 1935   163   185
 1936    87    92
 1937    58    48
 1938   132   156
 1939   227   208
 1940    16     7
 1941    94   109
 1942   235   227
 1943   251   240
 1944    91    71
 1945   230   214
 1946    40    43
 1947    26     1
 1948    94    94
 1949   102    95
 1950   206   204
 1951   227   225
 1952   239   230
 1953   257   250
 1954   153   151
 1955    55    73
 1956    97    85
 1957    29    10
 1958    21     8
 1959    56    73
 1960   224   208
 1961    24    25
 1962     3     9
 1963   183   158
 1964   115   134
 1965   234   233
 1966   144   135
 1967   179   191
 1968   189   188
 1969   136   122
 1970    74    68
 1971    70    65
 1972   192   169
 1973   188   188
 1974    73    81
 1975   152   135
 1976    88    98
 1977   232   234
 1978   223   210
 1979   207   194
 1980   155   177
 1981   185   204
 1982    46    66
 1983   185   162
 1984    55    67
 1985     4    29
 1986   135   149
 1987   108    85
 1988   262   256
 1989   144   161
 1990   220   236
 1991   133   148
 1992   119   110
 1993    49    74
 1994   132   129
 1995     1     1
 1996     9     6
 1997   162   169
 1998   148   146
 1999   253   257
 2000   125   141
 2001   111   118
 2002     1     8
 2003    56    32
 2004   275   253
 2005   148   169
 2006   279   254
 2007    83    83
 2008   210   217
 2009   161   179
 2010    23    40
 2011   105   125
 2012   247   236
 2013   102    85
 2014    53    69
 2015    68    85
 2016   176   185
 2017    67    63
 2018   113   108
 2019   140   134
 2020   131   114
 2021   219   208
 2022   108   124
 2023    57    72
 2024    26    37
 2025   181   160
 2026    91    81
 2027    57    49
 2028     1    12
 2029   145   132
 2030    13    17
 2031    59    68
 2032   169   156
 2033    24    16
 2034   182   184
 2035   118   119
 2036   124   120
 2037   248   239
 2038    19    30
 2039    69    62
 2040     1    19
 2041    54    54
 2042   260   246
 2043   202   206
 2044     1     4
 2045    25    12
 2046   186   192
 2047   128   126
 2048   216   224
 2049   218   214
 2050    96    94
 2051   139   162
 2052   172   163
 2053   116   105
 2054     7     8
 2055   196   191
 2056    81    96
 2057   204   179
 2058   226   235
 2059     4    27
 2060     1     5
 2061   201   192
 2062    34    53
 2063     2    10
 2064   267   247
 2065    34    57
 2066    21    46
 2067   202   207
 2068   229   206
 2069   125   131
 2070   123   133
 2071   214   239
 2072   117    97
 2073   137   126
 2074   140   127
 2075   179   174
 2076    26    25
 2077   195   197
 2078    62    70
 2079   175   188
 2080    38    31
 2081    92    98
 2082   143   167
 2083   224   248
 2084   137   142
 2085   225   217
 2086   140   163
 2087   201   193
 2088     7    30
 2089   210   204
 2090   137   129
 2091    20    14
 2092   225   223
 2093   168   166
 2094   153   177
 2095   193   218
 2096    16    24
 2097   112   122
 2098   112   102
 2099   210   210
 2100   271   256
 2101   101   124
 2102   118   132
 2103   278   255
 2104    70    48
 2105   130   113
 2106    71    47
 2107   176   152
 2108   182   164
 2109   187   204
 2110   148   157
 2111   187   207
 2112   198   187
 2113   192   216
 2114   160   143
 2115   159   178
 2116   159   134
 2117    82    83
 2118   123   110
 2119    11     2
 2120   168   149
 2121     7    12
 2122   238   234
 2123   136   125
 2124   221   222
 2125   240   252
 2126    60    52
 2127   169   155
 2128   183   168
 2129    15     6
 2130   202   216
 2131    51    64
 2132    55    77
 2133   247   249
 2134   257   244
 2135   239   221
 2136    25    16
 2137   255   256
 2138   126   106
 2139   192   174
 2140   177   154
 2141     1     3
 2142   220   213
 2143    75    85
 2144   129   144
 2145   211   208
 2146   234   218
 2147   222   208
 2148   161   158
 2149    73    49
 2150    87    87
 2151   122   117
 2152   136   112
 2153    68    81
 2154   114   122
 2155    96   117
 2156    34    46
 2157    77    98
 2158   225   236
 2159   117    98
 2160   132   135
 2161   159   173
 2162   156   138
 2163   162   141
 2164     9     1
 2165   116    99
 2166   117   115
 2167   141   163
 2168   148   136
 2169   243   242
 2170   144   119
 2171   201   207
 2172   202   180
 2173   166   177
 2174    30    34
 2175   138   122
 2176   169   145
 2177   181   163
 2178   185   202
 2179     1     7
 2180   182   163
 2181   101   113
 2182    62    87
 2183    29    10
 2184   102   109
 2185   171   164
 2186   183   167
 2187   127   115
 2188     1     6
 2189   132   117
 2190   244   241
 2191   170   184
 2192   104    80
 2193    72    52
 2194   237   212
 2195   207   211
 2196    20     8
 2197    76    93
 2198   119   123
 2199    92    87
 2200   214   201
 2201   132   107
 2202    92   102
 2203    95    97
 2204   146   140
 2205    31    27
 2206    67    81
 2207   170   174
 2208    63    53
 2209     1     8
 2210   152   130
 2211   119   130
 2212   122   122
 2213   159   167
 2214    35    18
 2215   243   250
 2216   190   170
 2217   166   182
 2218   230   216
 2219    14    21
 2220   221   220
 2221    64    43
 2222   223   199
 2223   152   173
 2224   200   197
 2225   113    92
 2226   204   179
 2227   102   116
 2228    95    84
 2229    61    80
 2230   147   144
 2231   187   195
 2232    37    54
 2233    91   116
 2234   237   251
 2235   127   127
 2236   102   125
 2237    32    26
 2238   221   236
 2239   279   256
 2240   130   135
 2241    21    25
 2242   135   125
 2243     1     3
 2244   123   120
 2245    66    50
 2246    49    54
 2247   140   142
 2248   208   208
 2249   120   118
 2250     1     5
 2251    74    91
 2252   240   232
 2253    79    72
 2254   118   129
 2255   251   236
 2256   136   136
 2257   219   212
 2258   159   149
 2259    14    16
 2260   220   228
 2261    96    91
 2262    98    79
 2263   100    76
 2264   197   179
 2265     5     7
 2266    55    42
 2267   279   259
 2268   237   216
 2269    95    94
 2270    21     3
 2271   232   211
 2272   167   159
 2273   251   246
 2274   233   221
 2275     1     1
 2276    35    24
 2277    71    57
 2278   198   189
 2279   191   204
 2280   135   113
 2281    99   119
 2282   254   235
 2283   133   158
 2284   192   167
 2285    33    18
 2286   220   243
 2287   179   176
 2288   145   147
 2289    51    61
 2290    84    92
 2291    62    39
 2292    11    18
 2293    69    52
 2294    82   103
 2295    81    60
 2296   245   233
 2297   167   187
 2298    48    23
 2299   156   180
 2300    66    82
 2301   253   249
 2302    11    17
 2303    52    71
 2304     4     9
 2305    47    23
 2306    40    45
 2307   149   130
 2308   141   162
 2309   122   139
 2310   230   232
 2311    63    50
 2312   243   245
 2313    35    42
 2314   227   229
 2315   146   130
 2316    81   101
 2317    25    26
 2318     4     8
 2319   165   140
 2320   193   172
 2321   229   229
 2322   187   200
 2323    93    84
 2324    83    84
 2325   103   117
 2326   129   140
 2327   172   147
 2328    50    42
 2329   106    99
 2330    59    50
 2331    78    98
 2332   106    85
 2333   176   169
 2334   192   175
 2335   209   233
 2336    89    70
 2337     1    15
 2338    20    38
 2339   195   184
 2340   218   218
 2341   191   215
 2342    68    72
 2343   189   184
 2344   192   206
 2345   191   176
 2346   238   231
 2347   141   161
 2348    38    23
 2349   263   250
 2350     2    27
 2351   203   193
 2352   171   196
 2353   175   161
 2354   198   213
 2355    88    83
 2356   120   138
 2357   106   123
 2358    10    28
 2359   241   228
 2360    15    32
 2361   189   195
 2362   140   141
 2363   198   175
 2364    23    25
 2365   186   180
 2366    41    29
 2367   174   173
 2368   133   121
 2369    15    18
 2370   237   259
 2371    90    98
 2372   194   187
 2373   135   157
 2374   169   166
 2375    67    50
 2376    15    29
 2377    97    81
 2378   170   169
 2379    90   106
 2380   148   132
 2381   161   180
 2382   224   235
 2383    97    75
 2384   202   206
 2385   175   163
 2386   121   127
 2387   145   153
 2388   100    83
 2389   151   166
 2390   226   205
 2391   129   141
 2392    71    85
 2393   244   232
 2394   245   259
 2395   210   215
 2396   222   213
 2397   167   151
 2398   103   115
 2399    21    15
 2400   126   142
 2401    84    99
 2402   216   231
 2403    66    86
 2404   198   194
 2405    37    31
 2406     1     1
 2407     1     4
 2408   274   255
 2409   158   176
 2410   235   226
 2411    44    50
 2412   186   202
 2413   217   219
 2414    28    42
 2415   213   234
 2416    55    34
 2417    62    85
 2418    52    39
 2419   140   159
 2420    19    39
 2421   251   249
 2422   258   240
 2423   167   160
 2424   133   124
 2425   192   186
 2426    50    27
 2427   125   126
 2428    90    72
 2429   123   119
 2430    74    81
 2431   138   113
 2432   272   252
 2433   247   244
 2434   104    85
 2435   130   128
 2436    97    83
 2437    43    67
 2438    65    64
 2439    63    54
 2440     6    15
 2441   146   151
 2442    48    49
 2443   117    96
 2444   131   151
 2445   236   231
 2446    26     2
 2447    38    38
 2448   264   247
 2449   119   110
 2450   235   237
 2451   240   218
 2452   130   154
 2453    93    71
 2454   124   108
 2455     1     8
 2456   199   185
 2457     6    30
 2458    28     8
 2459   209   209
 2460    39    61
 2461    40    48
 2462    14    37
 2463   178   184
 2464   239   223
 2465    97   100
 2466   225   216
 2467   218   215
 2468     1    14
 2469   194   205
 2470   109   106
 2471   125   101
 2472   104   119
 2473   224   215
 2474    84    91
 2475    61    37
 2476   185   160
 2477    75    91
 2478   197   209
 2479    26    15
 2480   203   199
 2481   244   235
 2482   215   192
 2483    74    73
 2484    21    15
 2485    26    50
 2486    10    29
 2487    30    28
 2488    70    55
 2489   149   132
 2490    94   106
 2491   212   236
 2492   110   107
 2493   173   192
 2494   122   136
 2495    45    25
 2496    20    25
 2497   110    98
 2498     1    13
 2499   242   242
 2500   120   126
 2501   238   253
 2502    83    98
 2503    71    72
 2504    25    15
 2505    39    15
 2506   140   115
 2507   200   182
 2508   149   138
 2509    66    43
 2510   157   163
 2511   135   156
 2512   182   192
 2513   164   178
 2514   209   210
 2515   247   229
 2516   147   128
 2517   195   173
 2518    96   105
 2519   126   131
 2520    52    29
 2521   254   248
 2522    51    74
 2523   178   189
 2524   244   236
 2525    88    99
 2526   141   120
 2527   180   201
 2528   171   187
 2529    57    63
 2530   200   199
 2531   170   181
 2532   227   204
 2533   194   202
 2534    49    38
 2535   220   228
 2536    88   109
 2537    55    59
 2538   200   211
 2539    80    73
 2540     1     8
 2541   103   114
 2542   203   193
 2543    58    75
 2544   234   234
 2545   157   156
 2546    70    62
 2547   119    95
 2548   161   181
 2549    58    65
 2550    49    62
 2551   177   172
 2552    43    35
 2553     1     6
 2554   180   157
 2555   193   185
 2556    47    26
 2557    85    71
 2558    37    28
 2559   232   249
 2560    26    16
 2561    86    87
 2562    23    13
 2563    37    57
 2564   212   189
 2565    61    41
 2566    20    38
 2567   201   188
 2568    16    16
 2569   123   118
 2570    91    77
 2571    18     4
 2572   102   119
 2573    68    51
 2574   191   195
 2575   171   158
 2576   145   136
 2577   214   202
 2578   132   126
 2579   227   250
 2580    74    88
 2581     1     2
 2582    16     9
 2583   104   104
 2584   120   133
 2585   243   243
 2586   112   137
 2587     1     1
 2588    60    40
 2589   261   258
 2590   223   244
 2591    54    67
 2592   150   135
 2593   162   185
 2594   148   142
 2595   226   210
 2596    13    19
 2597   252   239
 2598   169   145
 2599    13    19
 2600   186   197
 2601   132   137
 2602     9    13
 2603     1     2
 2604   139   158
 2605   202   218
 2606    33     8
 2607   206   190
 2608    58    56
 2609   246   240
 2610   215   201
 2611   257   250
 2612    72    91
 2613   123   106
 2614   124   104
 2615   104   121
 2616   146   148
 2617   121   106
 2618   224   236
 2619    54    53
 2620    27    50
 2621   166   152
 2622   233   232
 2623    22    13
 2624   271   251
 2625   123   101
 2626   257   240
 2627    59    63
 2628   142   148
 2629     1     6
 2630   228   253
 2631   173   196
 2632   185   186
 2633    78    99
 2634    60    50
 2635    18    35
 2636    44    65
 2637   233   214
 2638   264   240
 2639    66    43
 2640   210   188
 2641   233   254
 2642    36    18
 2643   173   182
 2644   228   234
 2645   243   247
 2646   183   185
 2647     1     4
 2648   199   182
 2649   125   123
 2650   217   235
 2651   195   218
 2652   115   135
 2653   176   162
 2654   122   131
 2655   122   134
 2656   228   229
 2657    39    25
 2658    55    67
 2659     1    19
 2660    66    86
 2661   181   205
 2662    11     3
 2663    10    21
 2664    67    75
 2665   132   156
 2666   240   256
 2667    38    47
 2668    61    79
 2669   102   115
 2670   155   145
 2671   198   223
 2672    16     3
 2673   147   136
 2674   166   152
 2675   152   135
 2676   222   203
 2677   166   177
 2678   110   122
 2679   141   138
 2680   243   237
 2681   175   171
 2682   129   136
 2683   117   126
 2684    44    26
 2685   235   255
 2686    88   101
 2687   164   177
 2688    29    22
 2689   128   141
 2690    32    32
 2691   246   231
 2692   115   124
 2693   115   133
 2694    57    71
 2695   107    94
 2696   201   215
 2697   263   242
 2698   126   106
 2699   181   166
 2700    22    20
 2701   247   238
 2702   150   150
 2703    63    50
 2704   115   101
 2705    87    87
 2706   188   187
 2707   170   173
 2708    89   100
 2709   210   219
 2710   181   156
 2711   162   184
 2712   201   212
 2713   102   112
 2714   156   131
 2715   210   234
 2716    31    19
 2717   137   148
 2718   102   102
 2719   224   212
 2720   211   221
 2721    22    38
 2722    46    58
 2723   166   168
 2724    52    54
 2725    67    86
 2726    32    13
 2727   204   199
 2728   103    88
 2729   177   193
 2730     1     2
 2731    38    32
 2732    77    96
 2733   130   117
 2734    73    97
 2735     2    11
 2736   217   231
 2737    49    41
 2738    45    57
 2739   188   176
 2740   218   202
 2741    84   106
 2742     1    14
 2743   258   245
 2744   214   228
 2745   196   207
 2746   131   144
 2747   126   111
 2748   156   167
 2749   189   192
 2750   119    99
 2751    22    21
 2752    35    10
 2753    46    67
 2754   131   151
 2755    42    61
 2756    85   110
 2757    49    52
 2758   241   235
 2759   130   149
 2760   166   187
 2761   157   150
 2762   155   143
 2763   112   135
 2764   178   190
 2765   182   171
 2766   228   218
 2767    16    39
 2768   128   116
 2769    54    74
 2770   157   136
 2771   173   154
 2772   255   256
 2773   191   177
 2774   199   221
 2775   127   151
 2776    59    83
 2777   190   182
 2778   228   242
 2779   223   221
 2780    46    64
 2781     1    19
 2782    27    20
 2783   166   159
 2784   117   125
 2785    77    73
 2786   188   213
 2787    33    45
 2788    56    40
 2789   196   196
 2790    78    97
 2791   277   255
 2792   154   176
 2793    46    70
 2794   127   127
 2795   137   115
 2796    93    73
 2797     1     1
 2798    75    57
 2799    23    37
 2800   174   154
 2801   240   243
 2802   219   215
 2803    46    69
 2804    37    24
 2805    49    51
 2806    85    89
 2807   198   193
 2808    16    23
 2809    67    60
 2810    95    72
 2811   216   213
 2812    80    99
 2813   167   189
 2814   234   221
 2815   239   236
 2816    42    37
 2817   222   244
 2818   188   167
 2819    20    43
 2820   221   214
 2821   155   149
 2822    80    59
 2823   169   185
 2824   214   193
 2825   198   203
 2826   152   149
 2827   176   175
 2828   148   140
 2829    55    35
 2830    80    57
 2831   226   242
 2832    64    75
 2833   225   235
 2834    55    39
 2835    64    89
 2836   232   214
 2837   163   172
 2838   239   226
 2839    62    74
 2840   185   207
 2841   127   122
 2842    59    67
 2843   180   162
 2844    15    39
 2845   156   150
 2846    59    54
 2847   203   205
 2848    62    37
 2849   150   151
 2850   131   128
 2851   120   108
 2852    81    90
 2853     8    32
 2854    23    28
 2855    27    44
 2856    12    22
 2857    18    17
 2858     5    17
 2859    61    86
 2860    95    79
 2861   114   102
 2862    62    42
 2863   208   192
 2864   269   250
 2865    34    57
 2866   181   187
 2867   116   127
 2868   106    89
 2869   219   214
 2870    14    23
 2871    59    57
 2872   247   256
 2873   169   153
 2874   158   180
 2875     1    10
 2876   195   200
 2877    63    72
 2878   170   146
 2879    37    57
 2880   228   242
 2881   159   149
 2882   173   164
 2883    46    65
 2884     6    27
 2885   173   158
 2886    50    57
 2887   268   255
 2888    82    58
 2889    51    56
 2890   170   165
 2891   136   148
 2892   197   222
 2893    68    49
 2894   180   205
 2895    51    37
 2896     1     1
 2897    24    34
 2898   103    96
 2899   196   202
 2900   220   219
 2901    88   113
 2902    52    59
 2903    95    91
 2904     6    11
 2905   106   117
 2906   217   233
 2907    16     7
 2908   184   201
 2909   151   169
 2910    94   118
 2911    60    62
 2912    84    91
 2913   242   240
 2914   133   149
 2915   127   113
 2916    93    76
 2917    97    75
 2918    88    77
 2919   159   151
 2920   221   236
 2921    60    64
 2922    50    60
 2923   123   124
 2924   116   114
 2925   105   101
 2926    12    29
 2927   138   115
 2928   119   129
 2929   215   217
 2930   170   160
 2931   134   141
 2932   151   160
 2933    95   120
 2934    48    35
 2935    99   113
 2936   123   118
 2937    74    84
 2938   198   207
 2939   144   153
 2940    25    43
 2941   101   121
 2942   163   161
 2943   201   189
 2944   216   193
 2945    72    78
 2946   202   196
 2947     1    16
 2948   239   249
 2949   171   171
 2950    61    47
 2951   192   180
 2952   113   103
 2953   194   181
 2954     1     5
 2955   206   202
 2956    22    31
 2957    95   115
 2958   214   215
 2959   191   176
 2960   267   257
 2961   127   102
 2962   199   176
 2963   117   103
 2964    16    13
 2965    72    93
 2966   145   143
 2967   196   191
 2968    26    36
 2969    37    40
 2970   212   235
 2971   161   147
 2972    89    73
 2973    40    52
 2974    49    47
 2975    43    25
 2976    25    20
 2977   199   176
 2978    76    75
 2979    50    61
 2980   104    96
 2981    96   111
 2982    45    60
 2983   231   235
 2984   114    99
 2985    70    88
 2986   227   231
 2987   191   173
 2988   185   165
 2989   190   191
 2990   222   212
 2991    77   100
 2992    82    72
 2993   207   201
 2994   151   149
 2995   238   217
 2996   170   175
 2997   229   251
 2998    26    18
 2999    77    58
 3000   148   169
 3001   105    83
 3002   113   128
 3003     1    11
 3004     1     4
 3005   117   103
 3006   106   110
 3007   266   259
 3008    87    87
 3009     1     2
 3010   187   180
 3011    25     3
 3012    87    76
 3013    18    15
 3014   125   145
 3015   131   139
 3016   159   156
 3017   117   115
 3018    32    21
 3019   208   232
 3020   255   246
 3021    39    25
 3022    84    82
 3023    89    70
 3024   140   134
 3025    40    42
 3026   136   131
 3027   206   229
 3028   236   213
 3029    35    26
 3030   143   123
 3031   178   199
 3032   195   215
 3033   203   209
 3034   145   134
 3035    28    44
 3036   174   151
 3037    37    34
 3038   263   250
 3039   155   178
 3040   264   257
 3041   167   142
 3042   252   248
 3043   195   174
 3044   192   196
 3045   103    93
 3046    16     6
 3047    39    44
 3048    24    34
 3049    68    55
 3050   271   255
 3051   275   250
 3052   172   189
 3053    16    31
 3054    93    94
 3055    47    60
 3056    51    66
 3057   270   251
 3058   233   235
 3059   276   253
 3060   164   162
 3061   132   118
 3062    32    15
 3063    26    11
 3064   116    93
 3065   189   198
 3066    42    43
 3067   174   156
 3068   191   205
 3069   191   183
 3070    65    58
 3071    33    22
 3072   120   113
 3073   216   227
 3074    70    56
 3075    77    88
 3076   208   189
 3077    13    15
 3078   129   148
 3079   145   132
 3080   174   155
 3081   264   253
 3082    47    30
 3083   205   215
 3084   200   224
 3085   236   250
 3086   265   247
 3087    26    29
 3088   272   252
 3089   212   217
 3090   147   135
 3091   166   177
 3092   188   193
 3093   201   223
 3094   233   232
 3095    95    92
 3096     1    13
 3097   227   234
 3098   113   110
 3099   106    81
 3100   148   139
 3101    44    41
 3102    70    54
 3103    42    26
 3104   102    96
 3105   245   224
 3106   140   147
 3107   238   256
 3108    39    19
 3109    11    16
 3110   146   127
 3111   167   162
 3112   240   216
 3113     1     3
 3114   182   174
 3115     1    15
 3116   177   178
 3117    27    17
 3118   226   217
 3119     9     5
 3120    51    27
 3121   247   252
 3122   117   109
 3123    87    63
 3124    25    11
 3125    47    49
 3126   200   216
 3127   160   147
 3128   208   209
 3129   128   113
 3130   175   161
 3131   185   178
 3132   147   160
 3133    51    54
 3134    24     9
 3135    36    17
 3136    78    82
 3137   183   176
 3138     4    12
 3139   169   169
 3140   242   246
 3141   120    96
 3142   196   204
 3143   221   204
 3144    34    25
 3145   188   184
 3146   171   175
 3147    77    83
 3148   207   202
 3149   153   157
 3150    98    86
 3151   106   109
 3152    16    40
 3153   201   195
 3154   206   209
 3155   238   242
 3156   150   150
 3157   233   246
 3158    49    43
 3159    97    72
 3160    49    47
 3161   191   212
 3162    70    88
 3163     1     2
 3164   221   244
 3165    18    37
 3166    74    95
 3167    17    19
 3168   155   172
 3169   141   122
 3170   213   193
 3171   118   114
 3172   128   137
 3173   164   164
 3174   120   113
 3175    82    95
 3176    38    16
 3177   104   105
 3178    66    81
 3179   204   200
 3180   200   223
 3181   160   136
 3182   132   129
 3183   189   204
 3184    39    41
 3185   198   214
 3186     1     1
 3187   150   157
 3188   265   259
 3189   140   136
 3190   244   232
 3191   234   257
 3192     1     2
 3193    90    74
 3194   264   252
 3195    65    53
 3196   204   194
 3197   212   204
 3198   251   239
 3199    14     5
 3200    34    28
 3201    66    85
 3202   104   126
 3203    34    41
 3204    59    63
 3205   138   113
 3206   198   187
 3207    23     7
 3208   178   180
 3209    61    52
 3210   207   194
 3211    49    66
 3212   142   162
 3213   255   258
 3214    75    63
 3215     1     9
 3216   178   200
 3217    87    91
 3218    44    55
 3219     1    16
 3220   150   135
 3221    40    21
 3222     1    21
 3223    20    16
 3224   161   167
 3225    81    95
 3226    58    68
 3227   165   179
 3228    36    18
 3229    79    80
 3230   243   234
 3231   233   253
 3232    11    27
 3233    25     1
 3234   177   157
 3235   237   230
 3236   221   235
 3237   152   135
 3238    77    53
 3239   244   236
 3240    90    67
 3241   188   207
 3242    90    97
 3243     9     5
 3244   128   149
 3245    15    35
 3246   188   203
 3247   106   125
 3248   170   179
 3249   177   178
 3250   120   144
 3251    66    69
 3252    62    73
 3253   136   127
 3254    44    34
 3255   150   134
 3256    75    71
 3257    64    88
 3258    63    64
 3259   215   200
 3260   143   158
 3261   262   253
 3262   205   227
 3263   212   233
 3264   247   251
 3265   112   126
 3266   250   251
 3267   189   172
 3268   160   180
 3269    93    94
 3270    19    11
 3271   236   233
 3272    46    40
 3273   203   185
 3274   123    98
 3275    46    56
 3276   133   150
 3277    17    24
 3278   149   138
 3279   162   168
 3280    47    30
 3281    93   114
 3282   120   127
 3283     1     4
 3284   128   104
 3285   221   238
 3286    48    24
 3287   177   156
 3288   224   208
 3289   185   199
 3290     1    18
 3291   125   121
 3292   176   154
 3293    49    45
 3294   239   216
 3295   188   170
 3296   175   161
 3297   119   112
 3298   196   184
 3299    17     5
 3300   116   128
 3301   106   116
 3302    65    78
 3303   101   113
 3304   233   243
 3305    91    86
 3306    67    79
 3307   168   178
 3308   159   180
 3309   190   206
 3310   211   211
 3311   242   224
 3312    48    38
 3313    84    96
 3314    48    52
 3315   213   229
 3316    76    71
 3317   202   183
 3318     9     4
 3319   184   178
 3320   136   127
 3321    55    75
 3322   263   248
 3323   245   251
 3324   153   160
 3325    62    58
 3326    33    21
 3327   117   111
 3328   180   185
 3329   111   115
 3330    96    86
 3331    87   101
 3332   132   145
 3333   185   210
 3334    63    57
 3335    87   104
 3336   220   237
 3337    25    45
 3338    89    71
 3339   179   191
 3340     8     3
 3341     1    11
 3342   187   192
 3343   112   104
 3344   144   154
 3345   119   124
 3346   140   165
 3347    61    43
 3348    91    82
 3349    81    86
 3350   155   143
 3351    28    19
 3352   152   144
 3353   144   125
 3354   198   188
 3355   109   105
 3356    47    42
 3357    89   109
 3358    72    86
 3359    13    15
 3360   195   193
 3361    77    98
 3362   177   172
 3363   221   245
 3364   219   242
 3365   273   256
 3366   218   242
 3367   201   180
 3368     1     1
 3369     9     6
 3370    37    47
 3371    54    68
 3372   235   229
 3373    49    60
 3374    16     2
 3375     9    27
 3376   182   183
 3377   165   156
 3378   217   242
 3379   162   137
 3380   141   151
 3381   236   244
 3382   258   244
 3383   257   244
 3384     1    16
 3385   174   184
 3386    71    91
 3387   263   249
 3388   214   211
 3389   128   121
 3390   115   132
 3391   117   112
 3392   205   194
 3393    11    21
 3394   181   186
 3395   269   250
 3396    43    19
 3397    69    63
 3398   168   184
 3399   201   186
 3400    30    23
 3401    86   107
 3402    89    84
 3403    62    54
 3404    85    97
 3405   135   124
 3406    83    86
 3407   207   208
 3408   191   169
 3409   229   207
 3410   207   197
 3411    77    69
 3412   153   133
 3413    71    79
 3414   177   166
 3415    28    38
 3416   170   152
 3417    44    58
 3418   234   234
 3419     5    13
 3420    27     9
 3421   166   143
 3422    85    73
 3423   192   213
 3424   149   132
 3425   242   250
 3426   172   169
 3427    25    24
 3428    53    54
 3429   119   128
 3430   186   162
 3431    76    72
 3432   153   148
 3433   180   204
 3434   245   231
 3435   196   183
 3436   124   135
 3437    98    78
 3438   162   172
 3439    98    89
 3440   159   146
 3441    77    81
 3442    20    31
 3443   235   244
 3444    57    66
 3445    23    12
 3446     1     8
 3447   132   133
 3448    12    29
 3449     2    10
 3450     1     7
 3451     1     9
 3452   135   114
 3453   207   190
 3454    26    38
 3455   245   255
 3456    41    66
 3457    40    21
 3458   215   220
 3459   188   164
 3460    27    19
 3461   133   141
 3462   131   147
 3463   197   209
 3464   276   257
 3465   101    96
 3466   220   235
 3467    59    41
 3468    53    34
 3469   176   197
 3470   158   155
 3471   249   252
 3472    96    96
 3473   214   228
 3474     1     4
 3475    16     1
 3476    77    87
 3477    45    59
 3478    63    79
 3479    87    71
 3480   258   247
 3481    92   116
 3482   218   236
 3483    89   105
 3484   165   150
 3485    24    18
 3486   232   240
 3487   235   212
 3488    34    27
 3489   112   108
 3490   187   181
 3491   235   216
 3492    21    45
 3493   157   174
 3494   213   210
 3495    24    49
 3496   170   164
 3497   178   159
 3498   218   195
 3499   212   191
 3500    71    78
 3501   233   217
 3502   143   144
 3503   162   173
 3504   107   130
 3505   227   210
 3506   146   131
 3507   213   190
 3508     1    13
 3509   213   237
 3510   206   216
 3511    12    11
 3512    25    23
 3513   200   205
 3514    34    31
 3515   159   138
 3516   154   130
 3517   185   175
 3518   177   152
 3519   208   195
 3520   209   220
 3521    34    54
 3522   140   151
 3523   199   221
 3524   219   236
 3525   148   143
 3526   113   102
 3527    19     5
 3528   129   109
 3529   208   188
 3530   219   201
 3531   133   123
 3532   244   253
 3533   120   138
 3534   152   150
 3535   166   148
 3536    29    10
 3537   146   147
 3538   228   215
 3539    65    62
 3540    53    28
 3541   120   112
 3542   206   205
 3543   147   155
 3544   250   259
 3545   163   176
 3546    76    57
 3547   224   208
 3548    87    67
 3549    44    34
 3550   205   182
 3551   123   117
 3552    92    93
 3553   153   172
 3554    93    79
 3555     1     8
 3556   114   132
 3557    21    42
 3558   122    97
 3559    50    27
 3560   139   155
 3561   141   130
 3562    14    34
 3563    80   102
 3564   193   201
 3565   231   244
 3566   230   214
 3567   229   246
 3568   215   206
 3569   132   118
 3570    26    14
 3571    12     5
 3572    29     6
 3573    89    77
 3574   114   122
 3575    99   123
 3576    87    91
 3577   121   121
 3578    62    72
 3579   188   198
 3580   191   187
 3581   160   142
 3582   139   163
 3583    64    49
 3584   173   195
 3585   164   144
 3586    35    40
 3587   253   228
 3588   202   192
 3589   101    90
 3590   206   221
 3591     1     2
 3592   131   148
 3593    52    35
 3594   178   174
 3595    97    82
 3596   216   215
 3597    89    90
 3598    23     3
 3599     1     2
 3600   104   108
 3601   245   256
 3602   221   223
 3603   168   163
 3604    16    21
 3605    34    27
 3606   228   242
 3607   242   218
 3608    52    62
 3609    10    16
 3610    33    29
 3611    55    52
 3612    61    43
 3613   114    97
 3614   246   235
 3615   232   226
 3616   171   191
 3617   239   239
 3618   231   249
 3619   178   170
 3620   135   157
 3621    41    31
 3622    90    65
 3623   176   156
 3624   208   232
 3625    14    17
 3626   220   238
 3627   145   162
 3628   143   167
 3629   246   239
 3630   216   238
 3631   122   123
 3632   215   209
 3633    22    45
 3634   127   149
 3635   179   161
 3636    88   109
 3637   128   124
 3638   245   252
 3639    89    86
 3640   184   198
 3641    14    36
 3642   220   225
 3643   252   244
 3644     8    20
 3645   190   193
 3646    31    41
 3647   110   114
 3648   202   206
 3649   214   195
 3650   102   125
 3651   173   180
 3652   158   177
 3653   120   131
 3654   255   252
 3655   138   156
 3656   122   147
 3657    48    40
 3658   153   139
 3659    84   105
 3660    69    82
 3661   246   226
 3662   132   137
 3663    22    22
 3664   144   156
 3665   240   224
 3666   147   146
 3667   225   219
 3668   152   171
 3669   154   157
 3670   170   194
 3671   265   244
 3672   156   175
 3673   157   153
 3674   117   142
 3675   186   179
 3676   174   175
 3677   163   156
 3678   117   136
 3679   153   145
 3680    75    55
 3681   225   240
 3682   123   119
 3683   270   255
 3684   193   217
 3685    38    43
 3686    19     9
 3687    94   111
 3688   224   230
 3689   207   203
 3690    73    66
 3691   245   226
 3692   153   173
 3693    47    38
 3694    57    43
 3695   232   220
 3696    53    64
 3697    37    17
 3698   255   250
 3699     9    12
 3700   269   250
 3701    54    48
 3702   124   116
 3703   238   239
 3704   152   155
 3705   200   185
 3706    67    69
 3707   196   193
 3708    48    23
 3709     1    22
 3710     6    30
 3711    80    85
 3712   223   240
 3713   135   157
 3714     1     2
 3715    75    54
 3716   239   219
 3717   262   250
 3718    85   100
 3719   129   113
 3720   200   208
 3721   209   204
 3722   197   203
 3723   236   229
 3724   224   201
 3725   240   219
 3726    83    74
 3727   246   225
 3728   110   101
 3729   172   172
 3730   116   106
 3731   111   133
 3732   100    91
 3733    87    80
 3734    93    73
 3735   137   154
 3736   150   170
 3737   213   189
 3738   194   204
 3739    31    45
 3740   148   155
 3741   259   249
 3742    51    55
 3743   180   162
 3744   124   140
 3745    61    46
 3746    84   104
 3747    73    64
 3748   112   122
 3749   251   235
 3750    44    54
 3751    39    25
 3752   101   115
 3753   240   224
 3754    86    88
 3755   189   173
 3756    65    54
 3757   184   174
 3758   109    89
 3759   171   154
 3760    31    14
 3761    24     1
 3762     1    24
 3763   106    88
 3764    36    17
 3765    91   108
 3766   127   106
 3767    78    77
 3768   101   108
 3769   232   226
 3770    95   108
 3771   123   148
 3772   104   102
 3773   192   181
 3774    26     8
 3775   200   224
 3776   205   219
 3777   154   168
 3778   197   177
 3779   240   232
 3780   195   210
 3781   161   177
 3782   132   148
 3783   142   140
 3784   180   202
 3785    15    32
 3786    71    55
 3787    93    76
 3788     8    31
 3789   261   250
 3790    59    48
 3791    86    77
 3792    29    11
 3793   233   243
 3794   130   130
 3795    16    23
 3796   152   159
 3797   165   140
 3798    89    78
 3799   145   133
 3800   235   211
 3801    66    81
 3802    65    65
 3803   242   228
 3804    66    47
 3805    53    54
 3806    75    56
 3807   166   168
 3808   197   217
 3809   137   146
 3810   146   138
 3811    14    36
 3812   169   154
 3813   227   238
 3814    85   101
 3815     1    24
 3816    60    51
 3817    58    60
 3818   196   179
 3819   209   218
 3820   200   223
 3821    26    41
 3822   260   245
 3823   202   185
 3824   184   181
 3825    28    44
 3826    30    32
 3827     6    10
 3828   130   111
 3829    50    39
 3830    94    83
 3831   213   212
 3832   196   192
 3833    76    64
 3834   119   106
 3835    37    34
 3836   268   253
 3837   151   158
 3838   160   165
 3839    65    51
 3840    80    56
 3841   118   105
 3842   208   219
 3843   101    97
 3844    99    74
 3845    34    38
 3846   120   111
 3847    55    49
 3848    98   105
 3849   159   145
 3850    52    67
 3851   177   200
 3852    17    27
 3853   217   211
 3854   186   208
 3855    19    25
 3856    74    88
 3857    65    51
 3858    27    44
 3859    48    44
 3860   209   225
 3861    71    48
 3862   188   198
 3863    84    91
 3864   191   171
 3865   133   116
 3866   148   138
 3867   230   247
 3868   186   165
 3869   268   254
 3870    47    60
 3871   173   172
 3872   200   209
 3873   242   231
 3874    71    69
 3875   212   207
 3876     1     2
 3877    94    76
 3878   232   238
 3879   232   217
 3880    46    30
 3881    92   100
 3882    30    38
 3883   151   126
 3884   177   181
 3885   103   113
 3886   116   119
 3887   224   240
 3888    23    12
 3889   171   179
 3890     1     3
 3891    41    22
 3892   257   248
 3893    64    45
 3894    17    36
 3895    86   103
 3896    67    57
 3897   188   191
 3898   208   192
 3899     1     3
 3900   174   195
 3901   106    97
 3902   129   112
 3903   201   225
 3904    77    75
 3905   151   163
 3906   221   208
 3907   153   160
 3908    65    84
 3909   111    88
 3910   209   229
 3911   231   233
 3912   120   142
 3913    74    96
 3914   253   236
 3915    22     2
 3916   240   232
 3917    57    33
 3918    97    79
 3919   234   255
 3920   129   107
 3921    14    39
 3922   236   220
 3923    69    89
 3924    89    91
 3925   214   235
 3926    65    40
 3927    54    69
 3928   112   125
 3929   136   123
 3930    56    51
 3931   217   198
 3932    13    28
 3933   161   174
 3934   176   182
 3935   156   179
 3936     1     8
 3937   234   217
 3938   224   247
 3939   122   100
 3940    50    43
 3941   207   227
 3942    41    27
 3943    38    61
 3944    30    28
 3945    23     9
 3946    93    86
 3947   139   135
 3948   143   127
 3949   204   198
 3950    70    52
 3951   274   256
 3952    71    82
 3953   136   138
 3954    42    38
 3955     1    15
 3956     8     9
 3957   194   175
 3958   191   175
 3959    11    30
 3960    70    63
 3961     4    21
 3962   221   239
 3963   241   248
 3964   145   144
 3965   246   236
 3966    71    73
 3967   199   184
 3968   212   203
 3969   258   236
 3970     8    24
 3971   214   236
 3972    54    63
 3973   268   256
 3974   220   204
 3975   240   250
 3976    96    75
 3977   245   250
 3978    67    76
 3979    48    30
 3980     1     8
 3981    70    87
 3982   168   176
 3983    92    91
 3984   200   180
 3985   169   167
 3986    88    91
 3987   215   217
 3988     3     7
 3989   114   114
 3990    22     9
 3991    31    53
 3992    62    67
 3993    35    44
 3994   186   206
 3995   175   188
 3996    63    52
 3997    93   106
 3998   179   187
 3999     1     4
 4000    55    48
 4001   128   136
 4002   104   126
 4003    69    70
 4004   192   187
 4005    70    57
 4006    23    44
 4007   174   160
 4008    89    72
 4009   139   163
 4010    85    88
 4011   220   243
 4012    85    84
 4013    34    21
 4014   274   258
 4015   137   133
 4016    97    80
 4017     5    20
 4018   164   155
 4019   223   202
 4020     1    12
 4021   201   225
 4022    76   101
 4023   100   107
 4024    35    55
 4025    15    19
 4026    89    91
 4027   194   194
 4028   146   153
 4029   222   215
 4030   160   169
 4031    52    32
 4032    38    37
 4033   117   141
 4034    13    20
 4035   124   105
 4036    79    57
 4037   134   113
 4038    73    48
 4039    34    13
 4040   138   140
 4041   151   134
 4042    46    65
 4043   162   158
 4044   141   160
 4045   202   225
 4046     1     9
 4047    26    15
 4048   213   216
 4049   171   154
 4050   126   120
 4051   210   189
 4052   130   139
 4053    28    32
 4054   230   246
 4055    32    31
 4056    78    71
 4057   176   173
 4058    95   102
 4059   266   255
 4060    87    67
 4061   145   152
 4062   180   160
 4063   204   203
 4064   168   164
 4065   205   196
 4066   197   215
 4067     1     9
 4068   205   219
 4069    34    34
 4070   201   200
 4071   145   164
 4072    37    32
 4073   273   257
 4074   217   236
 4075   206   188
 4076    44    36
 4077   257   242
 4078   111    94
 4079   233   252
 4080   272   252
 4081   123   101
 4082    79    85
 4083   227   230
 4084    72    94
 4085   122   141
 4086   172   185
 4087    87   103
 4088    10    23
 4089   147   137
 4090   123   148
 4091    63    44
 4092   116   130
 4093    98    76
 4094    42    56
 4095   141   159
 4096   181   206
 4097   206   216
 4098    65    42
 4099    23    12
 4100    67    51
 4101   160   161
 4102   242   227
 4103    46    33
 4104    56    64
 4105    10    33
 4106    47    64
 4107   218   242
 4108   260   243
 4109    24     3
 4110   126   118
 4111   199   204
 4112   168   150
 4113   143   132
 4114   147   124
 4115   227   218
 4116   137   118
 4117    38    41
 4118   102    92
 4119   249   236
 4120   253   258
 4121   186   197
 4122    67    49
 4123   230   235
 4124   166   163
 4125   224   205
 4126   212   229
 4127   162   139
 4128    83    92
 4129   142   166
 4130   147   170
 4131   156   172
 4132   173   191
 4133   276   251
 4134     1     2
 4135   139   140
 4136   198   222
 4137   145   136
 4138   118   103
 4139    95   114
 4140   176   186
 4141    79    93
 4142   126   114
 4143   131   140
 4144   109    99
 4145    33    29
 4146   207   209
 4147   206   196
 4148   253   228
 4149   103    83
 4150   260   245
 4151     2    21
 4152   177   172
 4153    40    41
 4154   148   140
 4155   109   132
 4156    40    36
 4157   146   162
 4158   125   106
 4159   205   198
 4160    87   107
 4161   250   251
 4162    35    26
 4163   108   130
 4164    38    33
 4165    69    69
 4166   284   259
 4167   107    92
 4168    90    83
 4169    29    38
 4170   164   170
 4171     5    23
 4172    93    95
 4173    48    53
 4174    53    77
 4175    80    57
 4176    21    26
 4177   122   128
 4178   122   138
 4179    85   101
 4180   192   216
 4181   243   233
 4182   117   142
 4183    92    86
 4184   180   174
 4185     1    18
 4186   212   187
 4187   183   189
 4188   211   227
 4189     1    18
 4190     1    12
 4191   144   134
 4192   138   137
 4193   109   119
 4194    76    61
 4195   191   206
 4196   164   152
 4197   147   131
 4198   131   148
 4199     7    16
 4200    90    67
 4201    39    42
 4202   164   172
 4203   203   211
 4204   133   132
 4205   208   214
 4206   152   157
 4207   218   194
 4208   126   148
 4209     1    18
 4210   160   156
 4211   105   103
 4212   176   162
 4213   213   238
 4214    43    50
 4215    92    68
 4216   227   207
 4217    55    45
 4218   231   230
 4219    82    65
 4220    64    68
 4221    36    61
 4222   115    94
 4223   106   114
 4224   137   125
 4225   243   255
 4226   234   215
 4227   108   104
 4228   150   148
 4229    41    47
 4230   233   258
 4231    71    93
 4232   136   150
 4233    15    18
 4234    72    80
 4235   220   213
 4236    60    78
 4237    48    72
 4238   123   109
 4239     1     6
 4240    44    40
 4241    31    18
 4242   190   196
 4243   125   139
 4244   138   118
 4245   112   105
 4246   241   228
 4247   165   143
 4248   222   241
 4249   201   178
 4250    24    39
 4251   111   116
 4252    94   105
 4253   192   213
 4254    83    84
 4255    78    57
 4256   211   192
 4257   158   157
 4258   174   180
 4259     9     8
 4260   203   210
 4261   163   139
 4262     5    20
 4263    25     5
 4264   148   169
 4265    56    69
 4266   258   251
 4267   258   253
 4268   252   253
 4269    63    43
 4270    68    90
 4271   278   257
 4272   123   135
 4273    28    43
 4274   176   152
 4275   168   188
 4276   280   259
 4277    33     8
 4278   149   146
 4279    41    36
 4280    26     8
 4281   143   136
 4282    33    35
 4283    37    59
 4284   195   187
 4285   140   132
 4286   127   127
 4287    96   105
 4288   139   138
 4289    55    75
 4290   120   121
 4291   141   150
 4292   263   244
 4293    56    37
 4294   202   204
 4295   205   205
 4296   252   253
 4297    40    29
 4298    94   107
 4299   257   249
 4300     1    10
 4301   156   179
 4302    89   109
 4303   174   177
 4304   102   105
 4305   218   215
 4306    57    66
 4307    48    66
 4308   116   122
 4309     7     3
 4310    20    16
 4311    98   115
 4312   111    92
 4313    43    26
 4314    46    47
 4315     1    20
 4316   161   176
 4317    90   104
 4318   130   124
 4319   193   168
 4320   248   248
 4321   147   131
 4322    80    70
 4323   209   195
 4324    91    75
 4325   221   208
 4326   222   238
 4327   251   236
 4328   127   108
 4329   134   138
 4330   274   251
 4331    88   100
 4332   196   198
 4333   181   199
 4334   148   138
 4335   237   225
 4336   173   185
 4337   176   168
 4338   123   148
 4339   118   122
 4340   149   170
 4341   176   167
 4342   183   207
 4343   237   232
 4344    30    29
 4345   240   220
 4346   259   247
 4347   143   154
 4348   106   105
 4349   125   109
 4350   183   189
 4351   230   226
 4352   118   110
 4353    70    75
 4354    60    46
 4355   111    88
 4356   202   195
 4357   106   128
 4358    92   103
 4359   165   164
 4360   204   214
 4361   199   205
 4362    48    42
 4363   176   153
 4364    91   102
 4365   202   202
 4366   262   243
 4367   210   214
 4368   185   162
 4369    70    89
 4370     1     7
 4371     1     3
 4372    53    65
 4373   167   160
 4374   188   179
 4375   217   211
 4376   176   184
 4377    38    13
 4378    97    73
 4379   209   230
 4380   205   210
 4381   181   184
 4382    98   107
 4383   129   143
 4384    99   109
 4385   213   220
 4386   147   138
 4387    19    40
 4388   143   165
 4389   159   148
 4390   244   234
 4391   197   206
 4392    73    79
 4393   165   166
 4394   118   138
 4395     5    21
 4396   235   256
 4397   229   240
 4398    78    89
 4399    91    88
 4400   185   182
 4401    92    97
 4402   233   225
 4403    14    30
 4404    32    46
 4405   149   139
 4406   225   222
 4407   136   159
 4408   150   168
 4409   166   171
 4410     1    23
 4411   213   190
 4412   196   210
 4413     1    19
 4414   183   205
 4415    35    34
 4416   253   239
 4417    61    73
 4418    11    23
 4419     7     8
 4420   249   226
 4421   117   103
 4422   244   228
 4423   167   177
 4424    47    35
 4425    54    50
 4426    60    72
 4427   179   172
 4428    93    72
 4429    12     9
 4430   132   125
 4431    41    28
 4432   239   250
 4433     7     7
 4434    42    43
 4435    58    70
 4436   166   175
 4437    41    58
 4438    46    51
 4439   154   173
 4440   132   140
 4441   140   126
 4442   224   247
 4443    77    87
 4444    59    40
 4445   199   191
 4446   208   204
 4447   184   182
 4448   238   230
 4449   133   141
 4450   110    89
 4451   115   103
 4452    14    33
 4453    67    55
 4454   110   121
 4455   241   233
 4456    10     5
 4457    19    16
 4458    82   104
 4459   258   238
 4460   227   217
 4461    57    78
 4462   136   126
 4463   108   100
 4464     1    14
 4465   185   174
 4466   121   135
 4467   224   201
 4468   247   235
 4469   234   239
 4470    38    32
 4471    25    45
 4472   272   251
 4473   246   258
 4474    56    79
 4475   193   212
 4476   246   249
 4477   106    94
 4478     5    19
 4479    17    21
 4480   165   158
 4481   197   195
 4482   155   157
 4483    91    72
 4484    46    25
 4485    23    20
 4486   241   227
 4487    65    63
 4488   106   105
 4489    67    53
 4490    78    81
 4491   174   156
 4492   253   243
 4493   264   259
8649090
