5256
    1   254   244
    2    91    81
    3   135   125
    4   207   197
    5   293   283
    6   225   215
    7   138   128
    8   141   131
    9   279   269
   10    26    16
   11   176   166
   12    26    16
   13   172   162
   14   130   120
   15   178   168
   16   200   190
   17   292   282
   18    55    45
   19   173   163
   20   143   133
   21   166   156
   22   164   154
   23   162   152
   24    76    66
   25   267   257
   26    80    70
   27    87    77
   28    63    53
   29   283   273
   30   192   182
   31   215   205
   32   273   263
   33   248   238
   34    71    61
   35   119   109
   36   127   117
   37   164   154
   38    39    29
   39    85    75
   40    34    24
   41   224   214
   42   118   108
   43   254   244
   44   164   154
   45   175   165
   46   253   243
   47   217   207
   48    33    23
   49    23    13
   50   198   188
   51   159   149
   52   187   177
   53   261   251
   54   229   219
   55    46    36
   56   104    94
   57    76    66
   58   159   149
   59   178   168
   60    81    71
   61   108    98
   62    86    76
   63   234   224
   64   129   119
   65    90    80
   66   169   159
   67   288   278
   68   240   230
   69   219   209
   70   152   142
   71   152   142
   72   138   128
   73    23    13
   74    58    48
   75    59    49
   76   100    90
   77   215   205
   78   119   109
   79    57    47
   80   292   282
   81   110   100
   82   101    91
   83   136   126
   84   202   192
   85    13     3
   86   206   196
   87   116   106
   88   160   150
   89    86    76
   90   171   161
   91    57    47
   92   192   182
   93    60    50
   94   113   103
   95   144   134
   96   173   163
   97    66    56
   98   253   243
   99    63    53
  100   102    92
  101   185   175
  102   136   126
  103   211   201
  104   119   109
  105   280   270
  106   236   226
  107    59    49
  108    18     8
  109    95    85
  110   205   195
  111   102    92
  112   103    93
  113    36    26
  114   271   261
  115    53    43
  116    29    19
  117    23    13
  118   141   131
  119   173   163
  120   144   134
  121   179   169
  122   285   275
  123    33    23
  124    71    61
  125    62    52
  126   274   264
  127   273   263
  128   178   168
  129    54    44
  130   187   177
  131   279   269
  132   158   148
  133   159   149
  134   242   232
  135   197   187
  136   138   128
  137   167   157
  138    93    83
  139   196   186
  140   210   200
  141    36    26
  142   126   116
  143    96    86
  144   268   258
  145    89    79
  146   274   264
  147   106    96
  148    78    68
  149   138   128
  150    31    21
  151   267   257
  152   183   173
  153    49    39
  154   135   125
  155   282   272
  156   242   232
  157   219   209
  158   217   207
  159   265   255
  160   136   126
  161   120   110
  162    92    82
  163    40    30
  164   259   249
  165   205   195
  166    86    76
  167   260   250
  168   235   225
  169   220   210
  170   122   112
  171   212   202
  172   153   143
  173    74    64
  174   175   165
  175    67    57
  176   196   186
  177   145   135
  178   221   211
  179    66    56
  180   243   233
  181   259   249
  182    39    29
  183   199   189
  184   242   232
  185    19     9
  186   110   100
  187    38    28
  188   257   247
  189    27    17
  190    61    51
  191   188   178
  192   227   217
  193   264   254
  194   178   168
  195    75    65
  196   293   283
  197    35    25
  198   169   159
  199   139   129
  200   161   151
  201   152   142
  202   193   183
  203    67    57
  204    90    80
  205   193   183
  206   127   117
  207    71    61
  208   218   208
  209   124   114
  210   248   238
  211    29    19
  212    92    82
  213   114   104
  214    31    21
  215   293   283
  216    45    35
  217   153   143
  218    87    77
  219   168   158
  220   149   139
  221   213   203
  222   154   144
  223   266   256
  224   279   269
  225   100    90
  226   226   216
  227   240   230
  228    60    50
  229    28    18
  230   175   165
  231   265   255
  232   154   144
  233   246   236
  234   160   150
  235   132   122
  236   150   140
  237   120   110
  238    63    53
  239    87    77
  240   220   210
  241   282   272
  242   106    96
  243   127   117
  244   199   189
  245   290   280
  246    35    25
  247   201   191
  248    12     2
  249   224   214
  250    60    50
  251    53    43
  252   133   123
  253    54    44
  254   145   135
  255    66    56
  256   287   277
  257   141   131
  258   140   130
  259   202   192
  260   281   271
  261   180   170
  262   231   221
  263    24    14
  264   208   198
  265   233   223
  266   185   175
  267   271   261
  268   151   141
  269   139   129
  270    38    28
  271   261   251
  272   128   118
  273   176   166
  274   229   219
  275   125   115
  276    30    20
  277    84    74
  278   276   266
  279   287   277
  280    74    64
  281    70    60
  282   139   129
  283   187   177
  284   221   211
  285   242   232
  286   270   260
  287    46    36
  288    16     6
  289   204   194
  290    17     7
  291   273   263
  292   131   121
  293    33    23
  294    42    32
  295   250   240
  296    52    42
  297   223   213
  298   269   259
  299   229   219
  300    67    57
  301   188   178
  302   265   255
  303   235   225
  304    87    77
  305   172   162
  306    72    62
  307    91    81
  308    76    66
  309   136   126
  310    85    75
  311    23    13
  312    37    27
  313   257   247
  314   114   104
  315    42    32
  316    74    64
  317    88    78
  318    92    82
  319   280   270
  320   266   256
  321    24    14
  322    39    29
  323   189   179
  324   254   244
  325    53    43
  326   251   241
  327   132   122
  328   254   244
  329   124   114
  330   233   223
  331   121   111
  332   278   268
  333    49    39
  334   152   142
  335    94    84
  336    53    43
  337    16     6
  338    79    69
  339   256   246
  340   174   164
  341    13     3
  342   135   125
  343   264   254
  344   123   113
  345   235   225
  346   223   213
  347   268   258
  348   215   205
  349   281   271
  350    68    58
  351   213   203
  352   225   215
  353    85    75
  354   292   282
  355    32    22
  356   111   101
  357   185   175
  358   139   129
  359   174   164
  360   217   207
  361   134   124
  362   108    98
  363   167   157
  364   170   160
  365    63    53
  366   238   228
  367    31    21
  368   250   240
  369    23    13
  370   194   184
  371   252   242
  372    58    48
  373    21    11
  374    90    80
  375    64    54
  376   113   103
  377   294   284
  378    24    14
  379   180   170
  380   208   198
  381   225   215
  382   237   227
  383    93    83
  384    52    42
  385   235   225
  386   274   264
  387   179   169
  388    69    59
  389    56    46
  390    61    51
  391   292   282
  392    70    60
  393    66    56
  394   141   131
  395   208   198
  396   229   219
  397    17     7
  398    67    57
  399   236   226
  400   201   191
  401    97    87
  402   209   199
  403   211   201
  404    30    20
  405   137   127
  406   193   183
  407    37    27
  408   283   273
  409    85    75
  410    15     5
  411    39    29
  412   181   171
  413   275   265
  414   280   270
  415   184   174
  416   120   110
  417    50    40
  418    83    73
  419   292   282
  420   272   262
  421   167   157
  422   182   172
  423   198   188
  424    94    84
  425   261   251
  426    70    60
  427    71    61
  428   190   180
  429   168   158
  430   100    90
  431   258   248
  432   115   105
  433   119   109
  434   232   222
  435   110   100
  436   246   236
  437   108    98
  438   140   130
  439    69    59
  440   204   194
  441    40    30
  442   174   164
  443   183   173
  444   163   153
  445   228   218
  446    24    14
  447   118   108
  448   205   195
  449   278   268
  450    73    63
  451   282   272
  452   188   178
  453   230   220
  454   137   127
  455   236   226
  456   218   208
  457   230   220
  458   233   223
  459   181   171
  460   201   191
  461   244   234
  462   285   275
  463   237   227
  464   120   110
  465   143   133
  466   191   181
  467   161   151
  468   196   186
  469    24    14
  470   140   130
  471    82    72
  472   165   155
  473   220   210
  474   279   269
  475   240   230
  476   253   243
  477   151   141
  478   142   132
  479    43    33
  480   251   241
  481   268   258
  482    42    32
  483   106    96
  484   210   200
  485   116   106
  486   263   253
  487   242   232
  488   281   271
  489    37    27
  490   216   206
  491   257   247
  492   203   193
  493   132   122
  494   197   187
  495   108    98
  496   188   178
  497    27    17
  498   186   176
  499   135   125
  500   110   100
  501   269   259
  502   277   267
  503    93    83
  504   242   232
  505    99    89
  506    33    23
  507   128   118
  508    23    13
  509    54    44
  510   137   127
  511   291   281
  512   234   224
  513   127   117
  514    92    82
  515   135   125
  516   285   275
  517   226   216
  518    27    17
  519    71    61
  520   141   131
  521    94    84
  522   226   216
  523    76    66
  524   155   145
  525   257   247
  526   140   130
  527    77    67
  528    98    88
  529    78    68
  530    81    71
  531   272   262
  532   139   129
  533    61    51
  534   230   220
  535    90    80
  536   287   277
  537   215   205
  538    60    50
  539    26    16
  540   134   124
  541   282   272
  542   170   160
  543    78    68
  544   249   239
  545   286   276
  546   129   119
  547   261   251
  548   113   103
  549   248   238
  550   130   120
  551   105    95
  552   144   134
  553    81    71
  554    75    65
  555   273   263
  556   197   187
  557    63    53
  558    40    30
  559   275   265
  560   259   249
  561   279   269
  562   272   262
  563    57    47
  564   132   122
  565   126   116
  566   228   218
  567   205   195
  568   128   118
  569   163   153
  570   291   281
  571   283   273
  572   137   127
  573   154   144
  574   209   199
  575   119   109
  576   197   187
  577   159   149
  578    20    10
  579   189   179
  580    63    53
  581   253   243
  582   227   217
  583   250   240
  584    32    22
  585   139   129
  586   290   280
  587    56    46
  588   190   180
  589   289   279
  590   150   140
  591   269   259
  592   287   277
  593    17     7
  594   107    97
  595   285   275
  596   195   185
  597   132   122
  598   118   108
  599   186   176
  600    72    62
  601    75    65
  602   228   218
  603    65    55
  604   280   270
  605   264   254
  606   145   135
  607   268   258
  608    14     4
  609   286   276
  610   212   202
  611    46    36
  612   286   276
  613    30    20
  614    39    29
  615   144   134
  616   149   139
  617   210   200
  618    21    11
  619   194   184
  620   160   150
  621   108    98
  622   245   235
  623   193   183
  624   274   264
  625   185   175
  626   203   193
  627   244   234
  628    98    88
  629   252   242
  630   241   231
  631   137   127
  632   204   194
  633    75    65
  634   242   232
  635   204   194
  636   227   217
  637   117   107
  638   278   268
  639   127   117
  640   144   134
  641    81    71
  642    19     9
  643    69    59
  644   150   140
  645   218   208
  646   102    92
  647   237   227
  648    41    31
  649   196   186
  650    31    21
  651    66    56
  652    57    47
  653   160   150
  654    90    80
  655    13     3
  656   260   250
  657   284   274
  658    62    52
  659    47    37
  660   272   262
  661   274   264
  662    16     6
  663   270   260
  664   188   178
  665   171   161
  666   213   203
  667   187   177
  668    75    65
  669   284   274
  670   245   235
  671    86    76
  672    86    76
  673   173   163
  674   248   238
  675   245   235
  676   207   197
  677   183   173
  678   135   125
  679   234   224
  680    26    16
  681    80    70
  682   132   122
  683    45    35
  684   237   227
  685   128   118
  686    32    22
  687    63    53
  688    80    70
  689    91    81
  690   113   103
  691   105    95
  692   154   144
  693   174   164
  694   156   146
  695    20    10
  696    16     6
  697    72    62
  698    17     7
  699    50    40
  700   155   145
  701    87    77
  702   146   136
  703   255   245
  704   270   260
  705   219   209
  706    54    44
  707    83    73
  708   102    92
  709    43    33
  710   183   173
  711   119   109
  712   257   247
  713    22    12
  714   172   162
  715   238   228
  716    86    76
  717   101    91
  718   100    90
  719    37    27
  720   219   209
  721   204   194
  722   268   258
  723   243   233
  724   199   189
  725    19     9
  726    40    30
  727    33    23
  728   287   277
  729   124   114
  730   270   260
  731   182   172
  732   167   157
  733    47    37
  734   192   182
  735    31    21
  736   254   244
  737   250   240
  738    47    37
  739   121   111
  740   226   216
  741   126   116
  742    21    11
  743   268   258
  744   234   224
  745    54    44
  746    39    29
  747   225   215
  748   182   172
  749    47    37
  750   281   271
  751    16     6
  752   193   183
  753    73    63
  754    24    14
  755   248   238
  756    11     1
  757   198   188
  758   213   203
  759    95    85
  760   227   217
  761   281   271
  762   136   126
  763   266   256
  764   144   134
  765    71    61
  766   287   277
  767   270   260
  768   215   205
  769   178   168
  770   222   212
  771   126   116
  772   291   281
  773   206   196
  774   113   103
  775    25    15
  776   265   255
  777    64    54
  778    57    47
  779   195   185
  780   144   134
  781   149   139
  782   245   235
  783   204   194
  784    94    84
  785   293   283
  786   267   257
  787   189   179
  788    70    60
  789   127   117
  790   246   236
  791    68    58
  792   106    96
  793    18     8
  794    95    85
  795   194   184
  796   216   206
  797   245   235
  798   237   227
  799   236   226
  800   224   214
  801   279   269
  802    91    81
  803    72    62
  804    69    59
  805   164   154
  806   112   102
  807    66    56
  808    57    47
  809   161   151
  810   238   228
  811    59    49
  812    29    19
  813   112   102
  814    76    66
  815   253   243
  816   150   140
  817   273   263
  818   222   212
  819    53    43
  820   221   211
  821   161   151
  822    24    14
  823   170   160
  824   180   170
  825   215   205
  826   155   145
  827   119   109
  828   266   256
  829   166   156
  830   207   197
  831    13     3
  832   255   245
  833    33    23
  834    54    44
  835    43    33
  836   169   159
  837   211   201
  838   198   188
  839    14     4
  840   271   261
  841    24    14
  842    86    76
  843   177   167
  844   135   125
  845   136   126
  846   219   209
  847   106    96
  848   116   106
  849   255   245
  850   122   112
  851   248   238
  852   135   125
  853   165   155
  854    83    73
  855   122   112
  856   103    93
  857   193   183
  858   184   174
  859   284   274
  860   159   149
  861    37    27
  862   283   273
  863   236   226
  864   166   156
  865   216   206
  866    55    45
  867   251   241
  868   274   264
  869    45    35
  870   294   284
  871   179   169
  872    27    17
  873   256   246
  874   221   211
  875   186   176
  876   132   122
  877   172   162
  878   105    95
  879    25    15
  880    97    87
  881    44    34
  882    97    87
  883    95    85
  884    68    58
  885   266   256
  886    54    44
  887   284   274
  888   241   231
  889   154   144
  890   226   216
  891    38    28
  892   117   107
  893   207   197
  894   229   219
  895   155   145
  896    14     4
  897   185   175
  898   126   116
  899   249   239
  900   261   251
  901   127   117
  902    93    83
  903    40    30
  904    85    75
  905   211   201
  906   291   281
  907   242   232
  908    84    74
  909    77    67
  910    23    13
  911   137   127
  912   137   127
  913   181   171
  914   185   175
  915   173   163
  916    20    10
  917    98    88
  918    65    55
  919   144   134
  920   108    98
  921   168   158
  922   141   131
  923   108    98
  924   123   113
  925    48    38
  926   212   202
  927    29    19
  928    19     9
  929   115   105
  930   251   241
  931   124   114
  932   192   182
  933    73    63
  934   114   104
  935   284   274
  936    81    71
  937   133   123
  938    88    78
  939   284   274
  940   109    99
  941   119   109
  942   121   111
  943    65    55
  944   107    97
  945    65    55
  946   280   270
  947   146   136
  948   120   110
  949   258   248
  950   201   191
  951    66    56
  952   234   224
  953    89    79
  954   125   115
  955   171   161
  956    29    19
  957   139   129
  958   113   103
  959   149   139
  960    80    70
  961    18     8
  962   166   156
  963    85    75
  964   241   231
  965   250   240
  966   214   204
  967   140   130
  968   178   168
  969   252   242
  970   276   266
  971   184   174
  972    77    67
  973   185   175
  974    98    88
  975   155   145
  976   273   263
  977   232   222
  978   272   262
  979    39    29
  980   103    93
  981   281   271
  982   158   148
  983   262   252
  984   223   213
  985   283   273
  986    18     8
  987   206   196
  988   251   241
  989   189   179
  990   116   106
  991    65    55
  992   254   244
  993    98    88
  994   179   169
  995   195   185
  996   207   197
  997   175   165
  998   180   170
  999    41    31
 1000    13     3
 1001   149   139
 1002   159   149
 1003   135   125
 1004    79    69
 1005   240   230
 1006   167   157
 1007   253   243
 1008   285   275
 1009   202   192
 1010   123   113
 1011    36    26
 1012   182   172
 1013   117   107
 1014   167   157
 1015    23    13
 1016    13     3
 1017   241   231
 1018   268   258
 1019   269   259
 1020   278   268
 1021    90    80
 1022   215   205
 1023    63    53
 1024    45    35
 1025   243   233
 1026   234   224
 1027   167   157
 1028   223   213
 1029   107    97
 1030   209   199
 1031   145   135
 1032   114   104
 1033   137   127
 1034   290   280
 1035   184   174
 1036    48    38
 1037    95    85
 1038   271   261
 1039    92    82
 1040   236   226
 1041   231   221
 1042    95    85
 1043   151   141
 1044   107    97
 1045   271   261
 1046   208   198
 1047   143   133
 1048    18     8
 1049   195   185
 1050   144   134
 1051    77    67
 1052   117   107
 1053   201   191
 1054   193   183
 1055   140   130
 1056   157   147
 1057    41    31
 1058   147   137
 1059   236   226
 1060   291   281
 1061   139   129
 1062   185   175
 1063    65    55
 1064   169   159
 1065    67    57
 1066    11     1
 1067   251   241
 1068   154   144
 1069   219   209
 1070   126   116
 1071   112   102
 1072   178   168
 1073   100    90
 1074   107    97
 1075    19     9
 1076   200   190
 1077    22    12
 1078   207   197
 1079   152   142
 1080   195   185
 1081    58    48
 1082   192   182
 1083   253   243
 1084   248   238
 1085   191   181
 1086   168   158
 1087    92    82
 1088   186   176
 1089   165   155
 1090   194   184
 1091   266   256
 1092   273   263
 1093   291   281
 1094   219   209
 1095    45    35
 1096    85    75
 1097   287   277
 1098    87    77
 1099   141   131
 1100   187   177
 1101    40    30
 1102    34    24
 1103   266   256
 1104   202   192
 1105    19     9
 1106   246   236
 1107    45    35
 1108   124   114
 1109   260   250
 1110   217   207
 1111   216   206
 1112   180   170
 1113   212   202
 1114   169   159
 1115   181   171
 1116    20    10
 1117    56    46
 1118    76    66
 1119   259   249
 1120   227   217
 1121   221   211
 1122   247   237
 1123   186   176
 1124   173   163
 1125   167   157
 1126    35    25
 1127   213   203
 1128   136   126
 1129    17     7
 1130   218   208
 1131    85    75
 1132   159   149
 1133   122   112
 1134    80    70
 1135   115   105
 1136   206   196
 1137   154   144
 1138    22    12
 1139   163   153
 1140    68    58
 1141    18     8
 1142    57    47
 1143   113   103
 1144   201   191
 1145   131   121
 1146   275   265
 1147   158   148
 1148   256   246
 1149    27    17
 1150    58    48
 1151   225   215
 1152    90    80
 1153    43    33
 1154   263   253
 1155   187   177
 1156   257   247
 1157   146   136
 1158   262   252
 1159   120   110
 1160   164   154
 1161   229   219
 1162   229   219
 1163   216   206
 1164    92    82
 1165    96    86
 1166   151   141
 1167    50    40
 1168   208   198
 1169   200   190
 1170   174   164
 1171   285   275
 1172    86    76
 1173   107    97
 1174   264   254
 1175   276   266
 1176   273   263
 1177    54    44
 1178   219   209
 1179   196   186
 1180    16     6
 1181    25    15
 1182    46    36
 1183    34    24
 1184   153   143
 1185   162   152
 1186   216   206
 1187    30    20
 1188   103    93
 1189    28    18
 1190    12     2
 1191   164   154
 1192   101    91
 1193   131   121
 1194   154   144
 1195   253   243
 1196    68    58
 1197    19     9
 1198   240   230
 1199   290   280
 1200   281   271
 1201   289   279
 1202    25    15
 1203   209   199
 1204   140   130
 1205    73    63
 1206   153   143
 1207    86    76
 1208   173   163
 1209    45    35
 1210    43    33
 1211   114   104
 1212   205   195
 1213    18     8
 1214   143   133
 1215    58    48
 1216   112   102
 1217   282   272
 1218    51    41
 1219    98    88
 1220   190   180
 1221   227   217
 1222   264   254
 1223    84    74
 1224    77    67
 1225    24    14
 1226    71    61
 1227    24    14
 1228    94    84
 1229   278   268
 1230   234   224
 1231   163   153
 1232   180   170
 1233   125   115
 1234   281   271
 1235   146   136
 1236   162   152
 1237   105    95
 1238   189   179
 1239   241   231
 1240   285   275
 1241   208   198
 1242   201   191
 1243   224   214
 1244   269   259
 1245   177   167
 1246   249   239
 1247   132   122
 1248    61    51
 1249   152   142
 1250    48    38
 1251    59    49
 1252    31    21
 1253   249   239
 1254   294   284
 1255   243   233
 1256   134   124
 1257   235   225
 1258   238   228
 1259   118   108
 1260   159   149
 1261   102    92
 1262    67    57
 1263   244   234
 1264   163   153
 1265   264   254
 1266   137   127
 1267   193   183
 1268    86    76
 1269    90    80
 1270    91    81
 1271   242   232
 1272   181   171
 1273   267   257
 1274    67    57
 1275   182   172
 1276    94    84
 1277   235   225
 1278    62    52
 1279   142   132
 1280    66    56
 1281   166   156
 1282    32    22
 1283    46    36
 1284    61    51
 1285    11     1
 1286   187   177
 1287   110   100
 1288   186   176
 1289   175   165
 1290    52    42
 1291   170   160
 1292   225   215
 1293    95    85
 1294    87    77
 1295    59    49
 1296   252   242
 1297    79    69
 1298   249   239
 1299   240   230
 1300   242   232
 1301   237   227
 1302   233   223
 1303    72    62
 1304    69    59
 1305    22    12
 1306   283   273
 1307   209   199
 1308   132   122
 1309   260   250
 1310   115   105
 1311   198   188
 1312    12     2
 1313   198   188
 1314    85    75
 1315   126   116
 1316   228   218
 1317   108    98
 1318   287   277
 1319    38    28
 1320   227   217
 1321   178   168
 1322    78    68
 1323    33    23
 1324   250   240
 1325    89    79
 1326    91    81
 1327   190   180
 1328    84    74
 1329    97    87
 1330   177   167
 1331   163   153
 1332   197   187
 1333    34    24
 1334   111   101
 1335   277   267
 1336   172   162
 1337   222   212
 1338    87    77
 1339   241   231
 1340    33    23
 1341    23    13
 1342   150   140
 1343    78    68
 1344   171   161
 1345    26    16
 1346   276   266
 1347   112   102
 1348   200   190
 1349    89    79
 1350   285   275
 1351   209   199
 1352    17     7
 1353   240   230
 1354    38    28
 1355   206   196
 1356   225   215
 1357    83    73
 1358   226   216
 1359   151   141
 1360    39    29
 1361    53    43
 1362   101    91
 1363   144   134
 1364    36    26
 1365    68    58
 1366   162   152
 1367   232   222
 1368    59    49
 1369   134   124
 1370   145   135
 1371    28    18
 1372   103    93
 1373   109    99
 1374   107    97
 1375    80    70
 1376    11     1
 1377   140   130
 1378   266   256
 1379   211   201
 1380    33    23
 1381   102    92
 1382    34    24
 1383   128   118
 1384    78    68
 1385    87    77
 1386   218   208
 1387   202   192
 1388   279   269
 1389   201   191
 1390   241   231
 1391   136   126
 1392   192   182
 1393    21    11
 1394   261   251
 1395    94    84
 1396    93    83
 1397   116   106
 1398   101    91
 1399    84    74
 1400    42    32
 1401   242   232
 1402   203   193
 1403   289   279
 1404   241   231
 1405   202   192
 1406   189   179
 1407    85    75
 1408   288   278
 1409   163   153
 1410   153   143
 1411   267   257
 1412    72    62
 1413   102    92
 1414   117   107
 1415   179   169
 1416   120   110
 1417    12     2
 1418   121   111
 1419    64    54
 1420   195   185
 1421    41    31
 1422   280   270
 1423   282   272
 1424    69    59
 1425   293   283
 1426   125   115
 1427   270   260
 1428    78    68
 1429    90    80
 1430   261   251
 1431   203   193
 1432    85    75
 1433    14     4
 1434    87    77
 1435    61    51
 1436   284   274
 1437    81    71
 1438   225   215
 1439   281   271
 1440   129   119
 1441    48    38
 1442   195   185
 1443   217   207
 1444   128   118
 1445   166   156
 1446   251   241
 1447   242   232
 1448    52    42
 1449    20    10
 1450   254   244
 1451   104    94
 1452   129   119
 1453   277   267
 1454   266   256
 1455    77    67
 1456    24    14
 1457   283   273
 1458   189   179
 1459   114   104
 1460   179   169
 1461    93    83
 1462   134   124
 1463   195   185
 1464    19     9
 1465    66    56
 1466    71    61
 1467   182   172
 1468    66    56
 1469   111   101
 1470   130   120
 1471   128   118
 1472   159   149
 1473   193   183
 1474   214   204
 1475    20    10
 1476   250   240
 1477    62    52
 1478   119   109
 1479    13     3
 1480    46    36
 1481    66    56
 1482   239   229
 1483   183   173
 1484   133   123
 1485   262   252
 1486   219   209
 1487   181   171
 1488   190   180
 1489   124   114
 1490   177   167
 1491   282   272
 1492    58    48
 1493    94    84
 1494   155   145
 1495   137   127
 1496    25    15
 1497   294   284
 1498    93    83
 1499    48    38
 1500   157   147
 1501    99    89
 1502   277   267
 1503   250   240
 1504    50    40
 1505   108    98
 1506   284   274
 1507   161   151
 1508    80    70
 1509   293   283
 1510   234   224
 1511    32    22
 1512    50    40
 1513   238   228
 1514   159   149
 1515    52    42
 1516    64    54
 1517   111   101
 1518    24    14
 1519    62    52
 1520   275   265
 1521   185   175
 1522   161   151
 1523    73    63
 1524   121   111
 1525   165   155
 1526    93    83
 1527   282   272
 1528    63    53
 1529   207   197
 1530    36    26
 1531   250   240
 1532   281   271
 1533    39    29
 1534   122   112
 1535   211   201
 1536    85    75
 1537    55    45
 1538    83    73
 1539   243   233
 1540   164   154
 1541    48    38
 1542   155   145
 1543   278   268
 1544   227   217
 1545   280   270
 1546   233   223
 1547   287   277
 1548    85    75
 1549   113   103
 1550   281   271
 1551   187   177
 1552   206   196
 1553   273   263
 1554   229   219
 1555    59    49
 1556   255   245
 1557   213   203
 1558   179   169
 1559   136   126
 1560   101    91
 1561   216   206
 1562    32    22
 1563   164   154
 1564   276   266
 1565   112   102
 1566   227   217
 1567   190   180
 1568   190   180
 1569   108    98
 1570   213   203
 1571   266   256
 1572   190   180
 1573   195   185
 1574   183   173
 1575   125   115
 1576   118   108
 1577   276   266
 1578   119   109
 1579    69    59
 1580    12     2
 1581   252   242
 1582    97    87
 1583    38    28
 1584    60    50
 1585   256   246
 1586   189   179
 1587   268   258
 1588   205   195
 1589    83    73
 1590    69    59
 1591   112   102
 1592   187   177
 1593   180   170
 1594   220   210
 1595    30    20
 1596   212   202
 1597   109    99
 1598   239   229
 1599    49    39
 1600    11     1
 1601    34    24
 1602    81    71
 1603   199   189
 1604   144   134
 1605    93    83
 1606   294   284
 1607   231   221
 1608   263   253
 1609    71    61
 1610   176   166
 1611   222   212
 1612    65    55
 1613    15     5
 1614   269   259
 1615    62    52
 1616   133   123
 1617    86    76
 1618   141   131
 1619    38    28
 1620   129   119
 1621   243   233
 1622   265   255
 1623    82    72
 1624   216   206
 1625    89    79
 1626    34    24
 1627   221   211
 1628   276   266
 1629    48    38
 1630   124   114
 1631    58    48
 1632    41    31
 1633    81    71
 1634    54    44
 1635   202   192
 1636   236   226
 1637   223   213
 1638   227   217
 1639    46    36
 1640   238   228
 1641   247   237
 1642   260   250
 1643   252   242
 1644   177   167
 1645   259   249
 1646   148   138
 1647    18     8
 1648   257   247
 1649    59    49
 1650   185   175
 1651   274   264
 1652   281   271
 1653    36    26
 1654   136   126
 1655   293   283
 1656   281   271
 1657   139   129
 1658   101    91
 1659   129   119
 1660   221   211
 1661   174   164
 1662   290   280
 1663    35    25
 1664   215   205
 1665   242   232
 1666    26    16
 1667    41    31
 1668    37    27
 1669    17     7
 1670    30    20
 1671    44    34
 1672   246   236
 1673   190   180
 1674   238   228
 1675   250   240
 1676   223   213
 1677   208   198
 1678   147   137
 1679    55    45
 1680   284   274
 1681   275   265
 1682   150   140
 1683    86    76
 1684   224   214
 1685   179   169
 1686   241   231
 1687    43    33
 1688   102    92
 1689   272   262
 1690   149   139
 1691   121   111
 1692   213   203
 1693   130   120
 1694   222   212
 1695    98    88
 1696   123   113
 1697   291   281
 1698   172   162
 1699   250   240
 1700   164   154
 1701   202   192
 1702   208   198
 1703    98    88
 1704   141   131
 1705    95    85
 1706   220   210
 1707    69    59
 1708   103    93
 1709    81    71
 1710   281   271
 1711   274   264
 1712   209   199
 1713    55    45
 1714    38    28
 1715   169   159
 1716   207   197
 1717    60    50
 1718   189   179
 1719   215   205
 1720    95    85
 1721   217   207
 1722    94    84
 1723    81    71
 1724    26    16
 1725   226   216
 1726   256   246
 1727   280   270
 1728   179   169
 1729   174   164
 1730   272   262
 1731    49    39
 1732   135   125
 1733   107    97
 1734    17     7
 1735   112   102
 1736    89    79
 1737   178   168
 1738   233   223
 1739   207   197
 1740   142   132
 1741    31    21
 1742    11     1
 1743   149   139
 1744   289   279
 1745   286   276
 1746    46    36
 1747   188   178
 1748   293   283
 1749    50    40
 1750   275   265
 1751    44    34
 1752   103    93
 1753   239   229
 1754   256   246
 1755   202   192
 1756    67    57
 1757    87    77
 1758    83    73
 1759   222   212
 1760   272   262
 1761    29    19
 1762    13     3
 1763    41    31
 1764   272   262
 1765   288   278
 1766   192   182
 1767    74    64
 1768    51    41
 1769   147   137
 1770   109    99
 1771   127   117
 1772   199   189
 1773   286   276
 1774   200   190
 1775   137   127
 1776    32    22
 1777   124   114
 1778   290   280
 1779    74    64
 1780   110   100
 1781   250   240
 1782    29    19
 1783   104    94
 1784   132   122
 1785   197   187
 1786   171   161
 1787   227   217
 1788   153   143
 1789    64    54
 1790    32    22
 1791   182   172
 1792   270   260
 1793   158   148
 1794   285   275
 1795   266   256
 1796    98    88
 1797   120   110
 1798   170   160
 1799    20    10
 1800   174   164
 1801   258   248
 1802   112   102
 1803   186   176
 1804    34    24
 1805   117   107
 1806   173   163
 1807   290   280
 1808   178   168
 1809   201   191
 1810   219   209
 1811   192   182
 1812    42    32
 1813   264   254
 1814   139   129
 1815   241   231
 1816   164   154
 1817    51    41
 1818   263   253
 1819    12     2
 1820    39    29
 1821    51    41
 1822   174   164
 1823   281   271
 1824   105    95
 1825   141   131
 1826    99    89
 1827    61    51
 1828   174   164
 1829   104    94
 1830   150   140
 1831   186   176
 1832    76    66
 1833   108    98
 1834    26    16
 1835    71    61
 1836   128   118
 1837   289   279
 1838    14     4
 1839   248   238
 1840   106    96
 1841   225   215
 1842    91    81
 1843    24    14
 1844   162   152
 1845    75    65
 1846   114   104
 1847    84    74
 1848   232   222
 1849   293   283
 1850   252   242
 1851   126   116
 1852   157   147
 1853   133   123
 1854   133   123
 1855   242   232
 1856   220   210
 1857    84    74
 1858   227   217
 1859   289   279
 1860    23    13
 1861   143   133
 1862   160   150
 1863    15     5
 1864   139   129
 1865   112   102
 1866   131   121
 1867   275   265
 1868   183   173
 1869   149   139
 1870    62    52
 1871    55    45
 1872   186   176
 1873   204   194
 1874   240   230
 1875   149   139
 1876   241   231
 1877   208   198
 1878    81    71
 1879   189   179
 1880   267   257
 1881    59    49
 1882   250   240
 1883    24    14
 1884   111   101
 1885   193   183
 1886    15     5
 1887   283   273
 1888    48    38
 1889   176   166
 1890    25    15
 1891   246   236
 1892   265   255
 1893   271   261
 1894   282   272
 1895   281   271
 1896   116   106
 1897   113   103
 1898   223   213
 1899   285   275
 1900   277   267
 1901   191   181
 1902   105    95
 1903   118   108
 1904   232   222
 1905   163   153
 1906   200   190
 1907   132   122
 1908   175   165
 1909   150   140
 1910   201   191
 1911   229   219
 1912   123   113
 1913   189   179
 1914    61    51
 1915    87    77
 1916    86    76
 1917   116   106
 1918   161   151
 1919    35    25
 1920   105    95
 1921    14     4
 1922    85    75
 1923   137   127
 1924   196   186
 1925   185   175
 1926    57    47
 1927    39    29
 1928    31    21
 1929   145   135
 1930   118   108
 1931   209   199
 1932    14     4
 1933   269   259
 1934   268   258
 1935   167   157
 1936   153   143
 1937   112   102
 1938    88    78
 1939    44    34
 1940    76    66
 1941    78    68
 1942    30    20
 1943    53    43
 1944   218   208
 1945   120   110
 1946   153   143
 1947   214   204
 1948   173   163
 1949   226   216
 1950   290   280
 1951    29    19
 1952   243   233
 1953    44    34
 1954   183   173
 1955   218   208
 1956   257   247
 1957   224   214
 1958   280   270
 1959    24    14
 1960    87    77
 1961    72    62
 1962   116   106
 1963   180   170
 1964   168   158
 1965   203   193
 1966   215   205
 1967   152   142
 1968    32    22
 1969    61    51
 1970   189   179
 1971   282   272
 1972    81    71
 1973    28    18
 1974   207   197
 1975    36    26
 1976   213   203
 1977   211   201
 1978    62    52
 1979   210   200
 1980   108    98
 1981    34    24
 1982   175   165
 1983    43    33
 1984   261   251
 1985   272   262
 1986    51    41
 1987   267   257
 1988    75    65
 1989   166   156
 1990   192   182
 1991    37    27
 1992    42    32
 1993   160   150
 1994   142   132
 1995   105    95
 1996   265   255
 1997   266   256
 1998   293   283
 1999   231   221
 2000   247   237
 2001   233   223
 2002   185   175
 2003   232   222
 2004    69    59
 2005   104    94
 2006   241   231
 2007    17     7
 2008    55    45
 2009   214   204
 2010   132   122
 2011   178   168
 2012   283   273
 2013   153   143
 2014   279   269
 2015   163   153
 2016   253   243
 2017    25    15
 2018   233   223
 2019    79    69
 2020   178   168
 2021   168   158
 2022   276   266
 2023   242   232
 2024    14     4
 2025    90    80
 2026   218   208
 2027   161   151
 2028   144   134
 2029    26    16
 2030   262   252
 2031   210   200
 2032   288   278
 2033   108    98
 2034   134   124
 2035   185   175
 2036   241   231
 2037    33    23
 2038   279   269
 2039   256   246
 2040   178   168
 2041   217   207
 2042   119   109
 2043   230   220
 2044   291   281
 2045   283   273
 2046   112   102
 2047   215   205
 2048   257   247
 2049   216   206
 2050   165   155
 2051   191   181
 2052   294   284
 2053   257   247
 2054   198   188
 2055   196   186
 2056   272   262
 2057   195   185
 2058   201   191
 2059   171   161
 2060   137   127
 2061   283   273
 2062    47    37
 2063   230   220
 2064    56    46
 2065   190   180
 2066   275   265
 2067   178   168
 2068    99    89
 2069   168   158
 2070   193   183
 2071   172   162
 2072   224   214
 2073   244   234
 2074   280   270
 2075   247   237
 2076   247   237
 2077   200   190
 2078   234   224
 2079    45    35
 2080   262   252
 2081   211   201
 2082    75    65
 2083   229   219
 2084   228   218
 2085   255   245
 2086    82    72
 2087   125   115
 2088    28    18
 2089    78    68
 2090   231   221
 2091   216   206
 2092   169   159
 2093   124   114
 2094   140   130
 2095   264   254
 2096    27    17
 2097    40    30
 2098   223   213
 2099   114   104
 2100    77    67
 2101   208   198
 2102    56    46
 2103   231   221
 2104   254   244
 2105   103    93
 2106   213   203
 2107    44    34
 2108    88    78
 2109    31    21
 2110   246   236
 2111   158   148
 2112   123   113
 2113   203   193
 2114    23    13
 2115   212   202
 2116   163   153
 2117    39    29
 2118   269   259
 2119    94    84
 2120   153   143
 2121   111   101
 2122   153   143
 2123    42    32
 2124   179   169
 2125   186   176
 2126   132   122
 2127   190   180
 2128   224   214
 2129   168   158
 2130   292   282
 2131   170   160
 2132    26    16
 2133   186   176
 2134   200   190
 2135    31    21
 2136   104    94
 2137   235   225
 2138    71    61
 2139    81    71
 2140   148   138
 2141   196   186
 2142   171   161
 2143    78    68
 2144   194   184
 2145   257   247
 2146   166   156
 2147   153   143
 2148   255   245
 2149    40    30
 2150   166   156
 2151   290   280
 2152   196   186
 2153   274   264
 2154   109    99
 2155    76    66
 2156   239   229
 2157   108    98
 2158   188   178
 2159    77    67
 2160   109    99
 2161   280   270
 2162   201   191
 2163   125   115
 2164    27    17
 2165    62    52
 2166   272   262
 2167   230   220
 2168    14     4
 2169   218   208
 2170   210   200
 2171   263   253
 2172   121   111
 2173   197   187
 2174    62    52
 2175   149   139
 2176   245   235
 2177   188   178
 2178   266   256
 2179   151   141
 2180   221   211
 2181   204   194
 2182   106    96
 2183   291   281
 2184   261   251
 2185   127   117
 2186   184   174
 2187    11     1
 2188    94    84
 2189   243   233
 2190   115   105
 2191   229   219
 2192   184   174
 2193   119   109
 2194    41    31
 2195    35    25
 2196    50    40
 2197    36    26
 2198    33    23
 2199   102    92
 2200   263   253
 2201   106    96
 2202   123   113
 2203    94    84
 2204    22    12
 2205    64    54
 2206   279   269
 2207    91    81
 2208   241   231
 2209   260   250
 2210    32    22
 2211    79    69
 2212   160   150
 2213    40    30
 2214   177   167
 2215    52    42
 2216   260   250
 2217   262   252
 2218   203   193
 2219   141   131
 2220   131   121
 2221   115   105
 2222    78    68
 2223    89    79
 2224    18     8
 2225   189   179
 2226   254   244
 2227   281   271
 2228   153   143
 2229   211   201
 2230   278   268
 2231   192   182
 2232   244   234
 2233   222   212
 2234   280   270
 2235    85    75
 2236    28    18
 2237    49    39
 2238    33    23
 2239   175   165
 2240   134   124
 2241   161   151
 2242   236   226
 2243   164   154
 2244   160   150
 2245   147   137
 2246   154   144
 2247   292   282
 2248   101    91
 2249    60    50
 2250   156   146
 2251   266   256
 2252   154   144
 2253   284   274
 2254   208   198
 2255   127   117
 2256   218   208
 2257    14     4
 2258   203   193
 2259   110   100
 2260   216   206
 2261   236   226
 2262   268   258
 2263   160   150
 2264   281   271
 2265   218   208
 2266   247   237
 2267   100    90
 2268   290   280
 2269   229   219
 2270    12     2
 2271    99    89
 2272   167   157
 2273   127   117
 2274   115   105
 2275    70    60
 2276   201   191
 2277   270   260
 2278   182   172
 2279   177   167
 2280    47    37
 2281   252   242
 2282    64    54
 2283   201   191
 2284   239   229
 2285    21    11
 2286   238   228
 2287    18     8
 2288   246   236
 2289   119   109
 2290   272   262
 2291    63    53
 2292    49    39
 2293   242   232
 2294   239   229
 2295   210   200
 2296   242   232
 2297   250   240
 2298   238   228
 2299   211   201
 2300   104    94
 2301    36    26
 2302   146   136
 2303    25    15
 2304   246   236
 2305    27    17
 2306    99    89
 2307    54    44
 2308   264   254
 2309    57    47
 2310   116   106
 2311   273   263
 2312    99    89
 2313    45    35
 2314    96    86
 2315    66    56
 2316   243   233
 2317   143   133
 2318   215   205
 2319    89    79
 2320   108    98
 2321   130   120
 2322   285   275
 2323   215   205
 2324    22    12
 2325    26    16
 2326    45    35
 2327   114   104
 2328   255   245
 2329   235   225
 2330    46    36
 2331   111   101
 2332   190   180
 2333    22    12
 2334   188   178
 2335    91    81
 2336    17     7
 2337   107    97
 2338    97    87
 2339   207   197
 2340    84    74
 2341   159   149
 2342   148   138
 2343   294   284
 2344   245   235
 2345    69    59
 2346    78    68
 2347    50    40
 2348   133   123
 2349    65    55
 2350   272   262
 2351   285   275
 2352   281   271
 2353   285   275
 2354   105    95
 2355    70    60
 2356   270   260
 2357   252   242
 2358   221   211
 2359    28    18
 2360    39    29
 2361   204   194
 2362   184   174
 2363   140   130
 2364   260   250
 2365   270   260
 2366   200   190
 2367    59    49
 2368   249   239
 2369   145   135
 2370    22    12
 2371   198   188
 2372    45    35
 2373    30    20
 2374    12     2
 2375   122   112
 2376    97    87
 2377    80    70
 2378    44    34
 2379   208   198
 2380   233   223
 2381    20    10
 2382   217   207
 2383   283   273
 2384    37    27
 2385    19     9
 2386   178   168
 2387   197   187
 2388    58    48
 2389   227   217
 2390   213   203
 2391    43    33
 2392   219   209
 2393   292   282
 2394    79    69
 2395    24    14
 2396    23    13
 2397    17     7
 2398    70    60
 2399   278   268
 2400   129   119
 2401   220   210
 2402   160   150
 2403    62    52
 2404   140   130
 2405   115   105
 2406   109    99
 2407   214   204
 2408   242   232
 2409   176   166
 2410    40    30
 2411   220   210
 2412   140   130
 2413   252   242
 2414   205   195
 2415   121   111
 2416   283   273
 2417    88    78
 2418    63    53
 2419    31    21
 2420   228   218
 2421    68    58
 2422   173   163
 2423   273   263
 2424   147   137
 2425   157   147
 2426   190   180
 2427   290   280
 2428   270   260
 2429    95    85
 2430    21    11
 2431   265   255
 2432    87    77
 2433   212   202
 2434    37    27
 2435   268   258
 2436    24    14
 2437   269   259
 2438    53    43
 2439    46    36
 2440   190   180
 2441    70    60
 2442   288   278
 2443    75    65
 2444    24    14
 2445   260   250
 2446   184   174
 2447   168   158
 2448   109    99
 2449   232   222
 2450   120   110
 2451    65    55
 2452   250   240
 2453   199   189
 2454    94    84
 2455   192   182
 2456   175   165
 2457    50    40
 2458   199   189
 2459   111   101
 2460   130   120
 2461    43    33
 2462    90    80
 2463    94    84
 2464   245   235
 2465   241   231
 2466    63    53
 2467   278   268
 2468   185   175
 2469    34    24
 2470   268   258
 2471    34    24
 2472   175   165
 2473   275   265
 2474   159   149
 2475   105    95
 2476    43    33
 2477   141   131
 2478   131   121
 2479   100    90
 2480   189   179
 2481    87    77
 2482   217   207
 2483   122   112
 2484    12     2
 2485    83    73
 2486   176   166
 2487   190   180
 2488   158   148
 2489    75    65
 2490   148   138
 2491   201   191
 2492    46    36
 2493    38    28
 2494    16     6
 2495   234   224
 2496   220   210
 2497   272   262
 2498    20    10
 2499   211   201
 2500   223   213
 2501   262   252
 2502   262   252
 2503    82    72
 2504    50    40
 2505    90    80
 2506   172   162
 2507   280   270
 2508   265   255
 2509    63    53
 2510   158   148
 2511   289   279
 2512   140   130
 2513    18     8
 2514   158   148
 2515   146   136
 2516   144   134
 2517   269   259
 2518   210   200
 2519    53    43
 2520    97    87
 2521    41    31
 2522    91    81
 2523   276   266
 2524   190   180
 2525    48    38
 2526    52    42
 2527   125   115
 2528    28    18
 2529   127   117
 2530   130   120
 2531   204   194
 2532   239   229
 2533    35    25
 2534    49    39
 2535   221   211
 2536   126   116
 2537   227   217
 2538    21    11
 2539    42    32
 2540   164   154
 2541   258   248
 2542    28    18
 2543    63    53
 2544   225   215
 2545   287   277
 2546   107    97
 2547    46    36
 2548   204   194
 2549   165   155
 2550   153   143
 2551   110   100
 2552    48    38
 2553    86    76
 2554   131   121
 2555   203   193
 2556   102    92
 2557   224   214
 2558   234   224
 2559    26    16
 2560   189   179
 2561   140   130
 2562    55    45
 2563    15     5
 2564   268   258
 2565   223   213
 2566   156   146
 2567   237   227
 2568   193   183
 2569   286   276
 2570    57    47
 2571   103    93
 2572    98    88
 2573   165   155
 2574   130   120
 2575    78    68
 2576    46    36
 2577    36    26
 2578   292   282
 2579    62    52
 2580   251   241
 2581   142   132
 2582   280   270
 2583   285   275
 2584    23    13
 2585   252   242
 2586   231   221
 2587   162   152
 2588   170   160
 2589   275   265
 2590   128   118
 2591   195   185
 2592    98    88
 2593   138   128
 2594   277   267
 2595   260   250
 2596    54    44
 2597   250   240
 2598   257   247
 2599   157   147
 2600   209   199
 2601   219   209
 2602   223   213
 2603   198   188
 2604   115   105
 2605    36    26
 2606    71    61
 2607   177   167
 2608   245   235
 2609   268   258
 2610    58    48
 2611   260   250
 2612    34    24
 2613   269   259
 2614    19     9
 2615    98    88
 2616    54    44
 2617   210   200
 2618   253   243
 2619   229   219
 2620    35    25
 2621   152   142
 2622    89    79
 2623   207   197
 2624   256   246
 2625   117   107
 2626   150   140
 2627   142   132
 2628   250   240
 2629   118   108
 2630   220   210
 2631   100    90
 2632   143   133
 2633    15     5
 2634   145   135
 2635   275   265
 2636    53    43
 2637   193   183
 2638    71    61
 2639   194   184
 2640    63    53
 2641   239   229
 2642    47    37
 2643    82    72
 2644   239   229
 2645   206   196
 2646    16     6
 2647    77    67
 2648   244   234
 2649    40    30
 2650   288   278
 2651    57    47
 2652   176   166
 2653   124   114
 2654   179   169
 2655   229   219
 2656   259   249
 2657   229   219
 2658   285   275
 2659    37    27
 2660   215   205
 2661   121   111
 2662   150   140
 2663   223   213
 2664   271   261
 2665   120   110
 2666   262   252
 2667   231   221
 2668   266   256
 2669    62    52
 2670   220   210
 2671    47    37
 2672    56    46
 2673   205   195
 2674   128   118
 2675    52    42
 2676    12     2
 2677    24    14
 2678    68    58
 2679   130   120
 2680   254   244
 2681   206   196
 2682    84    74
 2683    58    48
 2684   182   172
 2685   175   165
 2686   282   272
 2687    91    81
 2688   195   185
 2689    22    12
 2690    97    87
 2691    42    32
 2692   201   191
 2693   199   189
 2694    31    21
 2695   219   209
 2696   168   158
 2697    88    78
 2698   114   104
 2699    73    63
 2700    17     7
 2701   267   257
 2702    87    77
 2703   230   220
 2704   180   170
 2705    51    41
 2706   169   159
 2707   125   115
 2708   104    94
 2709   204   194
 2710   270   260
 2711    61    51
 2712   276   266
 2713   176   166
 2714    25    15
 2715    83    73
 2716    75    65
 2717    49    39
 2718   199   189
 2719   135   125
 2720   111   101
 2721   117   107
 2722   184   174
 2723    40    30
 2724    64    54
 2725    65    55
 2726    34    24
 2727   210   200
 2728   239   229
 2729   114   104
 2730    21    11
 2731   262   252
 2732    78    68
 2733   158   148
 2734   195   185
 2735   249   239
 2736    30    20
 2737    11     1
 2738   194   184
 2739   249   239
 2740    64    54
 2741   290   280
 2742   283   273
 2743   257   247
 2744    22    12
 2745    99    89
 2746   231   221
 2747   172   162
 2748   193   183
 2749   161   151
 2750   194   184
 2751    34    24
 2752    97    87
 2753   212   202
 2754    17     7
 2755   283   273
 2756   245   235
 2757   135   125
 2758   227   217
 2759   149   139
 2760    73    63
 2761   262   252
 2762   151   141
 2763    81    71
 2764   278   268
 2765    45    35
 2766   218   208
 2767   217   207
 2768   255   245
 2769   283   273
 2770   156   146
 2771   237   227
 2772    39    29
 2773   161   151
 2774   198   188
 2775   216   206
 2776   172   162
 2777   269   259
 2778   154   144
 2779   266   256
 2780   100    90
 2781    72    62
 2782   270   260
 2783   120   110
 2784   255   245
 2785   145   135
 2786   104    94
 2787   128   118
 2788   127   117
 2789    73    63
 2790    15     5
 2791    84    74
 2792   175   165
 2793   156   146
 2794   236   226
 2795   242   232
 2796   196   186
 2797   104    94
 2798   136   126
 2799   238   228
 2800   199   189
 2801   130   120
 2802   137   127
 2803    64    54
 2804   277   267
 2805    90    80
 2806   256   246
 2807   160   150
 2808    17     7
 2809   124   114
 2810   229   219
 2811    28    18
 2812   154   144
 2813    17     7
 2814   144   134
 2815   145   135
 2816    33    23
 2817   191   181
 2818   116   106
 2819   154   144
 2820   254   244
 2821   290   280
 2822   258   248
 2823   139   129
 2824   100    90
 2825    84    74
 2826   196   186
 2827   238   228
 2828    44    34
 2829    92    82
 2830   162   152
 2831    96    86
 2832   246   236
 2833    52    42
 2834   134   124
 2835    94    84
 2836    42    32
 2837   288   278
 2838   292   282
 2839    90    80
 2840   114   104
 2841   263   253
 2842    94    84
 2843   278   268
 2844   129   119
 2845    41    31
 2846    11     1
 2847   153   143
 2848    45    35
 2849    38    28
 2850   107    97
 2851   222   212
 2852   134   124
 2853    11     1
 2854    99    89
 2855   234   224
 2856    67    57
 2857   143   133
 2858   155   145
 2859   288   278
 2860   270   260
 2861   141   131
 2862    31    21
 2863    71    61
 2864    71    61
 2865    49    39
 2866   184   174
 2867    60    50
 2868   271   261
 2869    57    47
 2870   148   138
 2871    23    13
 2872   239   229
 2873   258   248
 2874   192   182
 2875   197   187
 2876   148   138
 2877   160   150
 2878   147   137
 2879   284   274
 2880   197   187
 2881    11     1
 2882   284   274
 2883   211   201
 2884    24    14
 2885   188   178
 2886   247   237
 2887   248   238
 2888    31    21
 2889    56    46
 2890    29    19
 2891   149   139
 2892    91    81
 2893    19     9
 2894   284   274
 2895    27    17
 2896    16     6
 2897   293   283
 2898    69    59
 2899   162   152
 2900   255   245
 2901   107    97
 2902   252   242
 2903    93    83
 2904   127   117
 2905    25    15
 2906    28    18
 2907    61    51
 2908    23    13
 2909    33    23
 2910   130   120
 2911    94    84
 2912    75    65
 2913   108    98
 2914   227   217
 2915   150   140
 2916    87    77
 2917   144   134
 2918   185   175
 2919    39    29
 2920   265   255
 2921   198   188
 2922   290   280
 2923   196   186
 2924   102    92
 2925    41    31
 2926    29    19
 2927    36    26
 2928   103    93
 2929    89    79
 2930   147   137
 2931    34    24
 2932   130   120
 2933   110   100
 2934    13     3
 2935    21    11
 2936   136   126
 2937   145   135
 2938   136   126
 2939   208   198
 2940    55    45
 2941    29    19
 2942   289   279
 2943   170   160
 2944    93    83
 2945    38    28
 2946   192   182
 2947    26    16
 2948   288   278
 2949    92    82
 2950    58    48
 2951    29    19
 2952   269   259
 2953   263   253
 2954   194   184
 2955   109    99
 2956   287   277
 2957    76    66
 2958    97    87
 2959   161   151
 2960    33    23
 2961    51    41
 2962   248   238
 2963   194   184
 2964   228   218
 2965   235   225
 2966   259   249
 2967    67    57
 2968   224   214
 2969    20    10
 2970   293   283
 2971   264   254
 2972    27    17
 2973   220   210
 2974    75    65
 2975   226   216
 2976   231   221
 2977   190   180
 2978   235   225
 2979    83    73
 2980   129   119
 2981   247   237
 2982   177   167
 2983   196   186
 2984    90    80
 2985   255   245
 2986   261   251
 2987   277   267
 2988    39    29
 2989   244   234
 2990    92    82
 2991   200   190
 2992    29    19
 2993    17     7
 2994   150   140
 2995   138   128
 2996   278   268
 2997   170   160
 2998   217   207
 2999   167   157
 3000   244   234
 3001   188   178
 3002   267   257
 3003   265   255
 3004   155   145
 3005    38    28
 3006   229   219
 3007   256   246
 3008   239   229
 3009   271   261
 3010   244   234
 3011   146   136
 3012   148   138
 3013   102    92
 3014   291   281
 3015   182   172
 3016   145   135
 3017    64    54
 3018   159   149
 3019    19     9
 3020   149   139
 3021   116   106
 3022   259   249
 3023   163   153
 3024    61    51
 3025   218   208
 3026   263   253
 3027    93    83
 3028    47    37
 3029   159   149
 3030    79    69
 3031   201   191
 3032    88    78
 3033   144   134
 3034   134   124
 3035    58    48
 3036   188   178
 3037    38    28
 3038    50    40
 3039    78    68
 3040    91    81
 3041   225   215
 3042    23    13
 3043   122   112
 3044   288   278
 3045   181   171
 3046    87    77
 3047    92    82
 3048   191   181
 3049   115   105
 3050   148   138
 3051   208   198
 3052   233   223
 3053   177   167
 3054   290   280
 3055   147   137
 3056   239   229
 3057    46    36
 3058   169   159
 3059   279   269
 3060    80    70
 3061   205   195
 3062   130   120
 3063   260   250
 3064    87    77
 3065    40    30
 3066   214   204
 3067   199   189
 3068   257   247
 3069   228   218
 3070   204   194
 3071   194   184
 3072    88    78
 3073   240   230
 3074   164   154
 3075   227   217
 3076    66    56
 3077   256   246
 3078   270   260
 3079    19     9
 3080   245   235
 3081    25    15
 3082   276   266
 3083   267   257
 3084   283   273
 3085   282   272
 3086   108    98
 3087    57    47
 3088    40    30
 3089    86    76
 3090   206   196
 3091    49    39
 3092    63    53
 3093   157   147
 3094    74    64
 3095   106    96
 3096   258   248
 3097   172   162
 3098   127   117
 3099   149   139
 3100   290   280
 3101   142   132
 3102    63    53
 3103    65    55
 3104   242   232
 3105   145   135
 3106   291   281
 3107    66    56
 3108   128   118
 3109   250   240
 3110    83    73
 3111   117   107
 3112   230   220
 3113    73    63
 3114   100    90
 3115   132   122
 3116    44    34
 3117   181   171
 3118    26    16
 3119    87    77
 3120    44    34
 3121   196   186
 3122    52    42
 3123   210   200
 3124    86    76
 3125   110   100
 3126    66    56
 3127   161   151
 3128    41    31
 3129   157   147
 3130    66    56
 3131    35    25
 3132   235   225
 3133    14     4
 3134   148   138
 3135   255   245
 3136    69    59
 3137   174   164
 3138   125   115
 3139   123   113
 3140    80    70
 3141   124   114
 3142   195   185
 3143    75    65
 3144   165   155
 3145   123   113
 3146   246   236
 3147   212   202
 3148    83    73
 3149   151   141
 3150    83    73
 3151   254   244
 3152   138   128
 3153    90    80
 3154   118   108
 3155   203   193
 3156   136   126
 3157   105    95
 3158   247   237
 3159    35    25
 3160    92    82
 3161    77    67
 3162    49    39
 3163   242   232
 3164   149   139
 3165   176   166
 3166   262   252
 3167   208   198
 3168   184   174
 3169    29    19
 3170   224   214
 3171   233   223
 3172   258   248
 3173   289   279
 3174   246   236
 3175    20    10
 3176   221   211
 3177   259   249
 3178   287   277
 3179   294   284
 3180   156   146
 3181   259   249
 3182    11     1
 3183   282   272
 3184    83    73
 3185   138   128
 3186   255   245
 3187   247   237
 3188   174   164
 3189    26    16
 3190    76    66
 3191    86    76
 3192    63    53
 3193    22    12
 3194   181   171
 3195   140   130
 3196   118   108
 3197    58    48
 3198   270   260
 3199   140   130
 3200   172   162
 3201   113   103
 3202    81    71
 3203   104    94
 3204   260   250
 3205   154   144
 3206   127   117
 3207   166   156
 3208   283   273
 3209   125   115
 3210    80    70
 3211   191   181
 3212   284   274
 3213    51    41
 3214    48    38
 3215   191   181
 3216   108    98
 3217   170   160
 3218   229   219
 3219   202   192
 3220    74    64
 3221    89    79
 3222    94    84
 3223    19     9
 3224   221   211
 3225    51    41
 3226   227   217
 3227    92    82
 3228    13     3
 3229   182   172
 3230    44    34
 3231   219   209
 3232   117   107
 3233   254   244
 3234   188   178
 3235    68    58
 3236    92    82
 3237   207   197
 3238   110   100
 3239   156   146
 3240   255   245
 3241   229   219
 3242    43    33
 3243    98    88
 3244   218   208
 3245   276   266
 3246   259   249
 3247   152   142
 3248   174   164
 3249    81    71
 3250   135   125
 3251   241   231
 3252   102    92
 3253   153   143
 3254   124   114
 3255   290   280
 3256   276   266
 3257    12     2
 3258    25    15
 3259   268   258
 3260   159   149
 3261   208   198
 3262   195   185
 3263   217   207
 3264   195   185
 3265   236   226
 3266   277   267
 3267   182   172
 3268    85    75
 3269   236   226
 3270   288   278
 3271   189   179
 3272   156   146
 3273    40    30
 3274   249   239
 3275   179   169
 3276   154   144
 3277    57    47
 3278   155   145
 3279   199   189
 3280   212   202
 3281   140   130
 3282    25    15
 3283    55    45
 3284    74    64
 3285    70    60
 3286   227   217
 3287   171   161
 3288   294   284
 3289   113   103
 3290    81    71
 3291   272   262
 3292   226   216
 3293   130   120
 3294    28    18
 3295   222   212
 3296   282   272
 3297   211   201
 3298    41    31
 3299   130   120
 3300   112   102
 3301   112   102
 3302   109    99
 3303   103    93
 3304   236   226
 3305   201   191
 3306   151   141
 3307   191   181
 3308    84    74
 3309   267   257
 3310   130   120
 3311   123   113
 3312   233   223
 3313    21    11
 3314   210   200
 3315   121   111
 3316   232   222
 3317   154   144
 3318   282   272
 3319   170   160
 3320   247   237
 3321    42    32
 3322   189   179
 3323   292   282
 3324   249   239
 3325   186   176
 3326   126   116
 3327    29    19
 3328   169   159
 3329   204   194
 3330   194   184
 3331   275   265
 3332    88    78
 3333   123   113
 3334    72    62
 3335   188   178
 3336   145   135
 3337    31    21
 3338   119   109
 3339   154   144
 3340   109    99
 3341   162   152
 3342    76    66
 3343   207   197
 3344   196   186
 3345   293   283
 3346    88    78
 3347   158   148
 3348   286   276
 3349   287   277
 3350    94    84
 3351   131   121
 3352   233   223
 3353   271   261
 3354   102    92
 3355   285   275
 3356   148   138
 3357   252   242
 3358    13     3
 3359   252   242
 3360    89    79
 3361   221   211
 3362    61    51
 3363   269   259
 3364    53    43
 3365   219   209
 3366   278   268
 3367   210   200
 3368   280   270
 3369   248   238
 3370   259   249
 3371   250   240
 3372    36    26
 3373   218   208
 3374   194   184
 3375   209   199
 3376   250   240
 3377   285   275
 3378   110   100
 3379    94    84
 3380   195   185
 3381    90    80
 3382    31    21
 3383    74    64
 3384   206   196
 3385   113   103
 3386    65    55
 3387   251   241
 3388   132   122
 3389   129   119
 3390   290   280
 3391    77    67
 3392    14     4
 3393   152   142
 3394   207   197
 3395   108    98
 3396   203   193
 3397   258   248
 3398   110   100
 3399   243   233
 3400   273   263
 3401   240   230
 3402    57    47
 3403   237   227
 3404    21    11
 3405    98    88
 3406   135   125
 3407   171   161
 3408   231   221
 3409    60    50
 3410    88    78
 3411   174   164
 3412   180   170
 3413   122   112
 3414   236   226
 3415   239   229
 3416    71    61
 3417   155   145
 3418   133   123
 3419   161   151
 3420    72    62
 3421    33    23
 3422   245   235
 3423   229   219
 3424    40    30
 3425   228   218
 3426   250   240
 3427   125   115
 3428   130   120
 3429   189   179
 3430    57    47
 3431    76    66
 3432   263   253
 3433    65    55
 3434    95    85
 3435   191   181
 3436    52    42
 3437   183   173
 3438   196   186
 3439   106    96
 3440   102    92
 3441   238   228
 3442   162   152
 3443    77    67
 3444   119   109
 3445   284   274
 3446    97    87
 3447    17     7
 3448   176   166
 3449    33    23
 3450   217   207
 3451   287   277
 3452   220   210
 3453    88    78
 3454   221   211
 3455   228   218
 3456   274   264
 3457   257   247
 3458   272   262
 3459   180   170
 3460   255   245
 3461   139   129
 3462   158   148
 3463   189   179
 3464   171   161
 3465   188   178
 3466   132   122
 3467   107    97
 3468   230   220
 3469    52    42
 3470    29    19
 3471   130   120
 3472   109    99
 3473   207   197
 3474   200   190
 3475    64    54
 3476   122   112
 3477   268   258
 3478    59    49
 3479    66    56
 3480   173   163
 3481    87    77
 3482    59    49
 3483   129   119
 3484    40    30
 3485    17     7
 3486   239   229
 3487   246   236
 3488   266   256
 3489    31    21
 3490   271   261
 3491    20    10
 3492    61    51
 3493   109    99
 3494   266   256
 3495   198   188
 3496   165   155
 3497   286   276
 3498    23    13
 3499   241   231
 3500   294   284
 3501   250   240
 3502    85    75
 3503   191   181
 3504   198   188
 3505   179   169
 3506   254   244
 3507   162   152
 3508   293   283
 3509   253   243
 3510    34    24
 3511    96    86
 3512    33    23
 3513   105    95
 3514    73    63
 3515   260   250
 3516   125   115
 3517   145   135
 3518   246   236
 3519   139   129
 3520   250   240
 3521   290   280
 3522   105    95
 3523   181   171
 3524   113   103
 3525   183   173
 3526    96    86
 3527   139   129
 3528    69    59
 3529   170   160
 3530    14     4
 3531   294   284
 3532    33    23
 3533   233   223
 3534   100    90
 3535    53    43
 3536    50    40
 3537    15     5
 3538    84    74
 3539   279   269
 3540   190   180
 3541    40    30
 3542   201   191
 3543   260   250
 3544   154   144
 3545    83    73
 3546   105    95
 3547   252   242
 3548   242   232
 3549   128   118
 3550   231   221
 3551   155   145
 3552   274   264
 3553   195   185
 3554   228   218
 3555   284   274
 3556   266   256
 3557   220   210
 3558    81    71
 3559   187   177
 3560   203   193
 3561   280   270
 3562   251   241
 3563    69    59
 3564   193   183
 3565   160   150
 3566   144   134
 3567   288   278
 3568   288   278
 3569    29    19
 3570   270   260
 3571   144   134
 3572    15     5
 3573   133   123
 3574   116   106
 3575    74    64
 3576    46    36
 3577   182   172
 3578   194   184
 3579    44    34
 3580    99    89
 3581   209   199
 3582    18     8
 3583   158   148
 3584   252   242
 3585   261   251
 3586    38    28
 3587   136   126
 3588    31    21
 3589   113   103
 3590   144   134
 3591    96    86
 3592   150   140
 3593   104    94
 3594   288   278
 3595    30    20
 3596    96    86
 3597    16     6
 3598   206   196
 3599   200   190
 3600   114   104
 3601   231   221
 3602    84    74
 3603   132   122
 3604   227   217
 3605   203   193
 3606   200   190
 3607   167   157
 3608    57    47
 3609   101    91
 3610   131   121
 3611   280   270
 3612    13     3
 3613   285   275
 3614   226   216
 3615    80    70
 3616   234   224
 3617    24    14
 3618    61    51
 3619   225   215
 3620   219   209
 3621   170   160
 3622   250   240
 3623    29    19
 3624   259   249
 3625    66    56
 3626   192   182
 3627   170   160
 3628   133   123
 3629   213   203
 3630    52    42
 3631   124   114
 3632   178   168
 3633   116   106
 3634   146   136
 3635   256   246
 3636   247   237
 3637   235   225
 3638   117   107
 3639    21    11
 3640    13     3
 3641    47    37
 3642   270   260
 3643   284   274
 3644    35    25
 3645   119   109
 3646    27    17
 3647   228   218
 3648   285   275
 3649   188   178
 3650   163   153
 3651   108    98
 3652    59    49
 3653   110   100
 3654   258   248
 3655    13     3
 3656   138   128
 3657    47    37
 3658   187   177
 3659   113   103
 3660   197   187
 3661   254   244
 3662    34    24
 3663   294   284
 3664   177   167
 3665   144   134
 3666    64    54
 3667   287   277
 3668    17     7
 3669    25    15
 3670   146   136
 3671    92    82
 3672    68    58
 3673   270   260
 3674   142   132
 3675   234   224
 3676   197   187
 3677    80    70
 3678   250   240
 3679    64    54
 3680   169   159
 3681   277   267
 3682   223   213
 3683    80    70
 3684   205   195
 3685    18     8
 3686   169   159
 3687    25    15
 3688   243   233
 3689   149   139
 3690    81    71
 3691   165   155
 3692   195   185
 3693    20    10
 3694    99    89
 3695   144   134
 3696    19     9
 3697   283   273
 3698   123   113
 3699   146   136
 3700   243   233
 3701   184   174
 3702   132   122
 3703   238   228
 3704    72    62
 3705   278   268
 3706   115   105
 3707   163   153
 3708   275   265
 3709    28    18
 3710    70    60
 3711   282   272
 3712   214   204
 3713   239   229
 3714   193   183
 3715    18     8
 3716   116   106
 3717   154   144
 3718   247   237
 3719   194   184
 3720    18     8
 3721   210   200
 3722   177   167
 3723   281   271
 3724   151   141
 3725   291   281
 3726    16     6
 3727   272   262
 3728   260   250
 3729   274   264
 3730   225   215
 3731   131   121
 3732    12     2
 3733   201   191
 3734    42    32
 3735   126   116
 3736   206   196
 3737    29    19
 3738    93    83
 3739    41    31
 3740   262   252
 3741   267   257
 3742   272   262
 3743    76    66
 3744   208   198
 3745   195   185
 3746   196   186
 3747   157   147
 3748   257   247
 3749   121   111
 3750   147   137
 3751   250   240
 3752   186   176
 3753    53    43
 3754   197   187
 3755   126   116
 3756   273   263
 3757    42    32
 3758    96    86
 3759   204   194
 3760    23    13
 3761    87    77
 3762    91    81
 3763    77    67
 3764   149   139
 3765   156   146
 3766   181   171
 3767   220   210
 3768   221   211
 3769   288   278
 3770   276   266
 3771    47    37
 3772   273   263
 3773    36    26
 3774   176   166
 3775   220   210
 3776    42    32
 3777    39    29
 3778   126   116
 3779   101    91
 3780   270   260
 3781   260   250
 3782   201   191
 3783   278   268
 3784   208   198
 3785   274   264
 3786   164   154
 3787   274   264
 3788    90    80
 3789   126   116
 3790   292   282
 3791    85    75
 3792    73    63
 3793    72    62
 3794   237   227
 3795   209   199
 3796   185   175
 3797    56    46
 3798   168   158
 3799    75    65
 3800   140   130
 3801   240   230
 3802   179   169
 3803    54    44
 3804   276   266
 3805   180   170
 3806   277   267
 3807   203   193
 3808    85    75
 3809    69    59
 3810   214   204
 3811    91    81
 3812    97    87
 3813   166   156
 3814   163   153
 3815   186   176
 3816   136   126
 3817   241   231
 3818   194   184
 3819   273   263
 3820   264   254
 3821   235   225
 3822   163   153
 3823   279   269
 3824    46    36
 3825   284   274
 3826   232   222
 3827    90    80
 3828    84    74
 3829   158   148
 3830   288   278
 3831   261   251
 3832   254   244
 3833   272   262
 3834    84    74
 3835   241   231
 3836   107    97
 3837   106    96
 3838   104    94
 3839    41    31
 3840   225   215
 3841   204   194
 3842   132   122
 3843   179   169
 3844    69    59
 3845    49    39
 3846   266   256
 3847    70    60
 3848    70    60
 3849    30    20
 3850   147   137
 3851    73    63
 3852    34    24
 3853    52    42
 3854    58    48
 3855    62    52
 3856   182   172
 3857   191   181
 3858   126   116
 3859   101    91
 3860    86    76
 3861   281   271
 3862    25    15
 3863   164   154
 3864   160   150
 3865   236   226
 3866    94    84
 3867   264   254
 3868   275   265
 3869   183   173
 3870   280   270
 3871   154   144
 3872   261   251
 3873    32    22
 3874   280   270
 3875   119   109
 3876    95    85
 3877   218   208
 3878    40    30
 3879    26    16
 3880    73    63
 3881   186   176
 3882   199   189
 3883   168   158
 3884    41    31
 3885   230   220
 3886   157   147
 3887    74    64
 3888    96    86
 3889   201   191
 3890   180   170
 3891    88    78
 3892    36    26
 3893   111   101
 3894   102    92
 3895    29    19
 3896   118   108
 3897    36    26
 3898   281   271
 3899    48    38
 3900    55    45
 3901   171   161
 3902    90    80
 3903    46    36
 3904   267   257
 3905   169   159
 3906    57    47
 3907   173   163
 3908    94    84
 3909   216   206
 3910    37    27
 3911   165   155
 3912   250   240
 3913   264   254
 3914    26    16
 3915    86    76
 3916   103    93
 3917   281   271
 3918   203   193
 3919   287   277
 3920   150   140
 3921   159   149
 3922   275   265
 3923   182   172
 3924   113   103
 3925   277   267
 3926    91    81
 3927   104    94
 3928    79    69
 3929   160   150
 3930   229   219
 3931   189   179
 3932   108    98
 3933   289   279
 3934   181   171
 3935    76    66
 3936   229   219
 3937   136   126
 3938   281   271
 3939    29    19
 3940   170   160
 3941   253   243
 3942    16     6
 3943   289   279
 3944   265   255
 3945    27    17
 3946    44    34
 3947   266   256
 3948    63    53
 3949    32    22
 3950   184   174
 3951   157   147
 3952   178   168
 3953    19     9
 3954   209   199
 3955   112   102
 3956   233   223
 3957    42    32
 3958   249   239
 3959   241   231
 3960   185   175
 3961    28    18
 3962   191   181
 3963    33    23
 3964    64    54
 3965   146   136
 3966   285   275
 3967   294   284
 3968   268   258
 3969   191   181
 3970   263   253
 3971   214   204
 3972   211   201
 3973   134   124
 3974   174   164
 3975   284   274
 3976   278   268
 3977    41    31
 3978   161   151
 3979    64    54
 3980    73    63
 3981   272   262
 3982    37    27
 3983   127   117
 3984   248   238
 3985   103    93
 3986   176   166
 3987    13     3
 3988   208   198
 3989    64    54
 3990    60    50
 3991    56    46
 3992   106    96
 3993   265   255
 3994   141   131
 3995    50    40
 3996   161   151
 3997   226   216
 3998    48    38
 3999   163   153
 4000   260   250
 4001   252   242
 4002   255   245
 4003   252   242
 4004   278   268
 4005   255   245
 4006   158   148
 4007    60    50
 4008    73    63
 4009    38    28
 4010    65    55
 4011   269   259
 4012   158   148
 4013   256   246
 4014    14     4
 4015   167   157
 4016   250   240
 4017    29    19
 4018   254   244
 4019   286   276
 4020   239   229
 4021    24    14
 4022    75    65
 4023   273   263
 4024   219   209
 4025   154   144
 4026   120   110
 4027   168   158
 4028   271   261
 4029    57    47
 4030   104    94
 4031   142   132
 4032   192   182
 4033   130   120
 4034   261   251
 4035   240   230
 4036   178   168
 4037    35    25
 4038   117   107
 4039   123   113
 4040   201   191
 4041    52    42
 4042   141   131
 4043   289   279
 4044    52    42
 4045    50    40
 4046   154   144
 4047   147   137
 4048    75    65
 4049   191   181
 4050   245   235
 4051   242   232
 4052   133   123
 4053    34    24
 4054   214   204
 4055   244   234
 4056   128   118
 4057    67    57
 4058    96    86
 4059    82    72
 4060   176   166
 4061    70    60
 4062   105    95
 4063   273   263
 4064   218   208
 4065   217   207
 4066   153   143
 4067   225   215
 4068    31    21
 4069   259   249
 4070    22    12
 4071   278   268
 4072    27    17
 4073   232   222
 4074   231   221
 4075   130   120
 4076   274   264
 4077   171   161
 4078   261   251
 4079    53    43
 4080    98    88
 4081    93    83
 4082   183   173
 4083   217   207
 4084   159   149
 4085   105    95
 4086   230   220
 4087   185   175
 4088   232   222
 4089   252   242
 4090   181   171
 4091   208   198
 4092   294   284
 4093   109    99
 4094   152   142
 4095    74    64
 4096   216   206
 4097    89    79
 4098   259   249
 4099   164   154
 4100   145   135
 4101    90    80
 4102   210   200
 4103   141   131
 4104   183   173
 4105   283   273
 4106   292   282
 4107    18     8
 4108    97    87
 4109   158   148
 4110   156   146
 4111    79    69
 4112   232   222
 4113   105    95
 4114   182   172
 4115   240   230
 4116   135   125
 4117   286   276
 4118   243   233
 4119   235   225
 4120   240   230
 4121   217   207
 4122    47    37
 4123   179   169
 4124   272   262
 4125   248   238
 4126   108    98
 4127    42    32
 4128   151   141
 4129   154   144
 4130    44    34
 4131   152   142
 4132    53    43
 4133   141   131
 4134    81    71
 4135   208   198
 4136   129   119
 4137   264   254
 4138    24    14
 4139   137   127
 4140    91    81
 4141    25    15
 4142   195   185
 4143   246   236
 4144   116   106
 4145   140   130
 4146   141   131
 4147   262   252
 4148    79    69
 4149   268   258
 4150   148   138
 4151   260   250
 4152   281   271
 4153   110   100
 4154   235   225
 4155   134   124
 4156    18     8
 4157    33    23
 4158   258   248
 4159    77    67
 4160    58    48
 4161   277   267
 4162    62    52
 4163   105    95
 4164   186   176
 4165   220   210
 4166   122   112
 4167   199   189
 4168   136   126
 4169   171   161
 4170    67    57
 4171    33    23
 4172    99    89
 4173   277   267
 4174   233   223
 4175   102    92
 4176   160   150
 4177   279   269
 4178   243   233
 4179    68    58
 4180   102    92
 4181   116   106
 4182   198   188
 4183   282   272
 4184    92    82
 4185   100    90
 4186   183   173
 4187   242   232
 4188   109    99
 4189    84    74
 4190   245   235
 4191   235   225
 4192    59    49
 4193   277   267
 4194   142   132
 4195   196   186
 4196   280   270
 4197   251   241
 4198   221   211
 4199    22    12
 4200   118   108
 4201   268   258
 4202    70    60
 4203   185   175
 4204   281   271
 4205   282   272
 4206   159   149
 4207   123   113
 4208   270   260
 4209   217   207
 4210   230   220
 4211    97    87
 4212   197   187
 4213   138   128
 4214   248   238
 4215   166   156
 4216    88    78
 4217    85    75
 4218    28    18
 4219    58    48
 4220   124   114
 4221   223   213
 4222   290   280
 4223    80    70
 4224   284   274
 4225    41    31
 4226    68    58
 4227    48    38
 4228   212   202
 4229    49    39
 4230    15     5
 4231   289   279
 4232    73    63
 4233   195   185
 4234    23    13
 4235   174   164
 4236    29    19
 4237   215   205
 4238   128   118
 4239    93    83
 4240    43    33
 4241   141   131
 4242   145   135
 4243    37    27
 4244   294   284
 4245   173   163
 4246   179   169
 4247   213   203
 4248   248   238
 4249    47    37
 4250    47    37
 4251    50    40
 4252    15     5
 4253   260   250
 4254   245   235
 4255   112   102
 4256   218   208
 4257    11     1
 4258   184   174
 4259   194   184
 4260    81    71
 4261    83    73
 4262   100    90
 4263   292   282
 4264    25    15
 4265   248   238
 4266   131   121
 4267   130   120
 4268   192   182
 4269    36    26
 4270   253   243
 4271   184   174
 4272   211   201
 4273   270   260
 4274   103    93
 4275   161   151
 4276   163   153
 4277   179   169
 4278    78    68
 4279    21    11
 4280   239   229
 4281    81    71
 4282   218   208
 4283   239   229
 4284   250   240
 4285   167   157
 4286    29    19
 4287    11     1
 4288   109    99
 4289   103    93
 4290   195   185
 4291    53    43
 4292    47    37
 4293   152   142
 4294   211   201
 4295   122   112
 4296   116   106
 4297    60    50
 4298   139   129
 4299   237   227
 4300    89    79
 4301   207   197
 4302   125   115
 4303    35    25
 4304   114   104
 4305   269   259
 4306   274   264
 4307    20    10
 4308   236   226
 4309   181   171
 4310    14     4
 4311   143   133
 4312    46    36
 4313    51    41
 4314   238   228
 4315   112   102
 4316   206   196
 4317   234   224
 4318   179   169
 4319    56    46
 4320    80    70
 4321   255   245
 4322    43    33
 4323    85    75
 4324   226   216
 4325   109    99
 4326   216   206
 4327   169   159
 4328    20    10
 4329   258   248
 4330    65    55
 4331    14     4
 4332   185   175
 4333    46    36
 4334   177   167
 4335   128   118
 4336    79    69
 4337    15     5
 4338   169   159
 4339   130   120
 4340    39    29
 4341   282   272
 4342   138   128
 4343   175   165
 4344    76    66
 4345   229   219
 4346   132   122
 4347   281   271
 4348    38    28
 4349    63    53
 4350   126   116
 4351   129   119
 4352    24    14
 4353   112   102
 4354   281   271
 4355    55    45
 4356    15     5
 4357   246   236
 4358   224   214
 4359   127   117
 4360   267   257
 4361   229   219
 4362   199   189
 4363   173   163
 4364    82    72
 4365   226   216
 4366    81    71
 4367    17     7
 4368   192   182
 4369   157   147
 4370   132   122
 4371    84    74
 4372   274   264
 4373   100    90
 4374    99    89
 4375    41    31
 4376   203   193
 4377    52    42
 4378    58    48
 4379    19     9
 4380   234   224
 4381    42    32
 4382   238   228
 4383   224   214
 4384   238   228
 4385    47    37
 4386    54    44
 4387   174   164
 4388    69    59
 4389   106    96
 4390    99    89
 4391    61    51
 4392   206   196
 4393   163   153
 4394   151   141
 4395   271   261
 4396   186   176
 4397   146   136
 4398   164   154
 4399    84    74
 4400   199   189
 4401   285   275
 4402   107    97
 4403   258   248
 4404   228   218
 4405   135   125
 4406   161   151
 4407   232   222
 4408    97    87
 4409   174   164
 4410   110   100
 4411   226   216
 4412   271   261
 4413   109    99
 4414    53    43
 4415   135   125
 4416   152   142
 4417   255   245
 4418   212   202
 4419    59    49
 4420    60    50
 4421   294   284
 4422    32    22
 4423    40    30
 4424   152   142
 4425   128   118
 4426   119   109
 4427    31    21
 4428   153   143
 4429    95    85
 4430    22    12
 4431    55    45
 4432   224   214
 4433   233   223
 4434   166   156
 4435   231   221
 4436   130   120
 4437   265   255
 4438    86    76
 4439   294   284
 4440    47    37
 4441    49    39
 4442    38    28
 4443    45    35
 4444   212   202
 4445   253   243
 4446   180   170
 4447   192   182
 4448    86    76
 4449    60    50
 4450   232   222
 4451   201   191
 4452   185   175
 4453   234   224
 4454   208   198
 4455   282   272
 4456   168   158
 4457   218   208
 4458   121   111
 4459   273   263
 4460    21    11
 4461    33    23
 4462    72    62
 4463   283   273
 4464   233   223
 4465   156   146
 4466   173   163
 4467   151   141
 4468   182   172
 4469   268   258
 4470   225   215
 4471    34    24
 4472   189   179
 4473    96    86
 4474    20    10
 4475   292   282
 4476   165   155
 4477   113   103
 4478   253   243
 4479    88    78
 4480   286   276
 4481    82    72
 4482   263   253
 4483   280   270
 4484    31    21
 4485   261   251
 4486   222   212
 4487    84    74
 4488   189   179
 4489   182   172
 4490   143   133
 4491    54    44
 4492   136   126
 4493   284   274
 4494   173   163
 4495    28    18
 4496    48    38
 4497    94    84
 4498   156   146
 4499   155   145
 4500   110   100
 4501    53    43
 4502    28    18
 4503   279   269
 4504   135   125
 4505    47    37
 4506   255   245
 4507   207   197
 4508    78    68
 4509    51    41
 4510    52    42
 4511   215   205
 4512    54    44
 4513    65    55
 4514   175   165
 4515   109    99
 4516    58    48
 4517   196   186
 4518   143   133
 4519   214   204
 4520   244   234
 4521   113   103
 4522   160   150
 4523    22    12
 4524    93    83
 4525    67    57
 4526    98    88
 4527    82    72
 4528   159   149
 4529   264   254
 4530   143   133
 4531   254   244
 4532    58    48
 4533    39    29
 4534   275   265
 4535   150   140
 4536    60    50
 4537    98    88
 4538   194   184
 4539   247   237
 4540    76    66
 4541   192   182
 4542   197   187
 4543    65    55
 4544   179   169
 4545   137   127
 4546    62    52
 4547   263   253
 4548   198   188
 4549   139   129
 4550   118   108
 4551    72    62
 4552    97    87
 4553   166   156
 4554    15     5
 4555    35    25
 4556   160   150
 4557   290   280
 4558    35    25
 4559   213   203
 4560    31    21
 4561   136   126
 4562    14     4
 4563   140   130
 4564   288   278
 4565   107    97
 4566   136   126
 4567   128   118
 4568   198   188
 4569   226   216
 4570   243   233
 4571   228   218
 4572    34    24
 4573   136   126
 4574    66    56
 4575   170   160
 4576   137   127
 4577   291   281
 4578    82    72
 4579   191   181
 4580    52    42
 4581   177   167
 4582    80    70
 4583   225   215
 4584   288   278
 4585   257   247
 4586   274   264
 4587   203   193
 4588   154   144
 4589   247   237
 4590   255   245
 4591   293   283
 4592    11     1
 4593    32    22
 4594   153   143
 4595   198   188
 4596    90    80
 4597    85    75
 4598    80    70
 4599   135   125
 4600   175   165
 4601    33    23
 4602   253   243
 4603   105    95
 4604   184   174
 4605    70    60
 4606    22    12
 4607   206   196
 4608   215   205
 4609   245   235
 4610   137   127
 4611   264   254
 4612    59    49
 4613   251   241
 4614   224   214
 4615    35    25
 4616   244   234
 4617   122   112
 4618   252   242
 4619   242   232
 4620   174   164
 4621    72    62
 4622   171   161
 4623   226   216
 4624   246   236
 4625   130   120
 4626    92    82
 4627   275   265
 4628    71    61
 4629   216   206
 4630   165   155
 4631    88    78
 4632    76    66
 4633    53    43
 4634    87    77
 4635   238   228
 4636   151   141
 4637   175   165
 4638   131   121
 4639   268   258
 4640   159   149
 4641   293   283
 4642   190   180
 4643   174   164
 4644   291   281
 4645   105    95
 4646    91    81
 4647   288   278
 4648   186   176
 4649   205   195
 4650   100    90
 4651   259   249
 4652   212   202
 4653   229   219
 4654   206   196
 4655    72    62
 4656   107    97
 4657    36    26
 4658   187   177
 4659   148   138
 4660   284   274
 4661    89    79
 4662    27    17
 4663   291   281
 4664    92    82
 4665   169   159
 4666   263   253
 4667   280   270
 4668   142   132
 4669    38    28
 4670   109    99
 4671   146   136
 4672   171   161
 4673   178   168
 4674   248   238
 4675   222   212
 4676    53    43
 4677   246   236
 4678    81    71
 4679    34    24
 4680    58    48
 4681   111   101
 4682   156   146
 4683    26    16
 4684   245   235
 4685   232   222
 4686    93    83
 4687   102    92
 4688   199   189
 4689   109    99
 4690   182   172
 4691    24    14
 4692   243   233
 4693   220   210
 4694   289   279
 4695    36    26
 4696    37    27
 4697    61    51
 4698   280   270
 4699    22    12
 4700   137   127
 4701   184   174
 4702   105    95
 4703    54    44
 4704   152   142
 4705   288   278
 4706    69    59
 4707   279   269
 4708   140   130
 4709   159   149
 4710   269   259
 4711   127   117
 4712    60    50
 4713   158   148
 4714    39    29
 4715   204   194
 4716   291   281
 4717   183   173
 4718   107    97
 4719   246   236
 4720    78    68
 4721   186   176
 4722   289   279
 4723   219   209
 4724    90    80
 4725   272   262
 4726   168   158
 4727   187   177
 4728   237   227
 4729   141   131
 4730   110   100
 4731   160   150
 4732   128   118
 4733    37    27
 4734   110   100
 4735   182   172
 4736   233   223
 4737   156   146
 4738   140   130
 4739    70    60
 4740    20    10
 4741   192   182
 4742   123   113
 4743    81    71
 4744   243   233
 4745    96    86
 4746   249   239
 4747   268   258
 4748   108    98
 4749   138   128
 4750   149   139
 4751    30    20
 4752   175   165
 4753   221   211
 4754   125   115
 4755   102    92
 4756   240   230
 4757    14     4
 4758    15     5
 4759    75    65
 4760   189   179
 4761   125   115
 4762   109    99
 4763   155   145
 4764    64    54
 4765   273   263
 4766   206   196
 4767   236   226
 4768   196   186
 4769    84    74
 4770   272   262
 4771    82    72
 4772   145   135
 4773    16     6
 4774    20    10
 4775   130   120
 4776    37    27
 4777   264   254
 4778    66    56
 4779   255   245
 4780   184   174
 4781   139   129
 4782   178   168
 4783   143   133
 4784    48    38
 4785   280   270
 4786   116   106
 4787   105    95
 4788   146   136
 4789    73    63
 4790    63    53
 4791    82    72
 4792   212   202
 4793   250   240
 4794   189   179
 4795    26    16
 4796   276   266
 4797   227   217
 4798   206   196
 4799   113   103
 4800   187   177
 4801   198   188
 4802   127   117
 4803   148   138
 4804   124   114
 4805    32    22
 4806   128   118
 4807   211   201
 4808    80    70
 4809   282   272
 4810    98    88
 4811   140   130
 4812   217   207
 4813   128   118
 4814   119   109
 4815   277   267
 4816    95    85
 4817   289   279
 4818   207   197
 4819   122   112
 4820   211   201
 4821   279   269
 4822   131   121
 4823   275   265
 4824   172   162
 4825   286   276
 4826   133   123
 4827    90    80
 4828   232   222
 4829   256   246
 4830   104    94
 4831   286   276
 4832   203   193
 4833   193   183
 4834    68    58
 4835   159   149
 4836   236   226
 4837   108    98
 4838   202   192
 4839   260   250
 4840   181   171
 4841   230   220
 4842   157   147
 4843   199   189
 4844   285   275
 4845    17     7
 4846    63    53
 4847    88    78
 4848    93    83
 4849   238   228
 4850   258   248
 4851   255   245
 4852   267   257
 4853   274   264
 4854    76    66
 4855    69    59
 4856   191   181
 4857   227   217
 4858   267   257
 4859   170   160
 4860   125   115
 4861   131   121
 4862    72    62
 4863   145   135
 4864    92    82
 4865   277   267
 4866    87    77
 4867    67    57
 4868   105    95
 4869    55    45
 4870    34    24
 4871   265   255
 4872   103    93
 4873   248   238
 4874   118   108
 4875    57    47
 4876   215   205
 4877    84    74
 4878   271   261
 4879   212   202
 4880   226   216
 4881    18     8
 4882    94    84
 4883   244   234
 4884   222   212
 4885   190   180
 4886   269   259
 4887   189   179
 4888   294   284
 4889   268   258
 4890    26    16
 4891    42    32
 4892   174   164
 4893   273   263
 4894   205   195
 4895   247   237
 4896   190   180
 4897   214   204
 4898   120   110
 4899    37    27
 4900   107    97
 4901   154   144
 4902    42    32
 4903   257   247
 4904   252   242
 4905   269   259
 4906    11     1
 4907    53    43
 4908   272   262
 4909   131   121
 4910   166   156
 4911   153   143
 4912   141   131
 4913    73    63
 4914   113   103
 4915   108    98
 4916    73    63
 4917   232   222
 4918    63    53
 4919   140   130
 4920    57    47
 4921    69    59
 4922   162   152
 4923   239   229
 4924   215   205
 4925   242   232
 4926   236   226
 4927   235   225
 4928    92    82
 4929   256   246
 4930   179   169
 4931   124   114
 4932   263   253
 4933    88    78
 4934   235   225
 4935   102    92
 4936   278   268
 4937   240   230
 4938   120   110
 4939   124   114
 4940    87    77
 4941    38    28
 4942   177   167
 4943    35    25
 4944   227   217
 4945   196   186
 4946   133   123
 4947   219   209
 4948   267   257
 4949   112   102
 4950    58    48
 4951   120   110
 4952   104    94
 4953   278   268
 4954    55    45
 4955    73    63
 4956    80    70
 4957   222   212
 4958    36    26
 4959   183   173
 4960   199   189
 4961    87    77
 4962   164   154
 4963    24    14
 4964    76    66
 4965    39    29
 4966   224   214
 4967   235   225
 4968    18     8
 4969    40    30
 4970    31    21
 4971   145   135
 4972   120   110
 4973    54    44
 4974    16     6
 4975   162   152
 4976    21    11
 4977   137   127
 4978    40    30
 4979    18     8
 4980    84    74
 4981    74    64
 4982   201   191
 4983   282   272
 4984   206   196
 4985   204   194
 4986    37    27
 4987   158   148
 4988   266   256
 4989   212   202
 4990    14     4
 4991   250   240
 4992   183   173
 4993    68    58
 4994   227   217
 4995    18     8
 4996    79    69
 4997    64    54
 4998    70    60
 4999    91    81
 5000   140   130
 5001   203   193
 5002   225   215
 5003   188   178
 5004   151   141
 5005   195   185
 5006    38    28
 5007    21    11
 5008   208   198
 5009   198   188
 5010    64    54
 5011    92    82
 5012   224   214
 5013   105    95
 5014   272   262
 5015   250   240
 5016   200   190
 5017    61    51
 5018   161   151
 5019   248   238
 5020   108    98
 5021   268   258
 5022   273   263
 5023   263   253
 5024   148   138
 5025    82    72
 5026   124   114
 5027   274   264
 5028   266   256
 5029   146   136
 5030   240   230
 5031    44    34
 5032    87    77
 5033   145   135
 5034   122   112
 5035   250   240
 5036    56    46
 5037    85    75
 5038   271   261
 5039   126   116
 5040   147   137
 5041   222   212
 5042    99    89
 5043    70    60
 5044    92    82
 5045    14     4
 5046   180   170
 5047   160   150
 5048   226   216
 5049    27    17
 5050   289   279
 5051   147   137
 5052    58    48
 5053   192   182
 5054   226   216
 5055   140   130
 5056   210   200
 5057   117   107
 5058    95    85
 5059    46    36
 5060    31    21
 5061    51    41
 5062   243   233
 5063    48    38
 5064   237   227
 5065   200   190
 5066    50    40
 5067    50    40
 5068   288   278
 5069   251   241
 5070   164   154
 5071    87    77
 5072   272   262
 5073   149   139
 5074    23    13
 5075   234   224
 5076   171   161
 5077   200   190
 5078   201   191
 5079   139   129
 5080   216   206
 5081   205   195
 5082    38    28
 5083    70    60
 5084    84    74
 5085    62    52
 5086   220   210
 5087   143   133
 5088    56    46
 5089   197   187
 5090   284   274
 5091   156   146
 5092    65    55
 5093    68    58
 5094   234   224
 5095   220   210
 5096   176   166
 5097   153   143
 5098   249   239
 5099    57    47
 5100   102    92
 5101    90    80
 5102    97    87
 5103   146   136
 5104    97    87
 5105    71    61
 5106   122   112
 5107   171   161
 5108    78    68
 5109    49    39
 5110   262   252
 5111   165   155
 5112   201   191
 5113   123   113
 5114   164   154
 5115   157   147
 5116    67    57
 5117   262   252
 5118    12     2
 5119   237   227
 5120   251   241
 5121    94    84
 5122   143   133
 5123   284   274
 5124   157   147
 5125   145   135
 5126    79    69
 5127   232   222
 5128    61    51
 5129   197   187
 5130   255   245
 5131   102    92
 5132   115   105
 5133    46    36
 5134   253   243
 5135    65    55
 5136   180   170
 5137   104    94
 5138   282   272
 5139   283   273
 5140    35    25
 5141   266   256
 5142   108    98
 5143    33    23
 5144   119   109
 5145   157   147
 5146    23    13
 5147    33    23
 5148   254   244
 5149   282   272
 5150    17     7
 5151   171   161
 5152   151   141
 5153   176   166
 5154    72    62
 5155   189   179
 5156   213   203
 5157   257   247
 5158   162   152
 5159   192   182
 5160    39    29
 5161   243   233
 5162   117   107
 5163   233   223
 5164   205   195
 5165   174   164
 5166   117   107
 5167    57    47
 5168    41    31
 5169   205   195
 5170    53    43
 5171    14     4
 5172   100    90
 5173   238   228
 5174   286   276
 5175   102    92
 5176   144   134
 5177   212   202
 5178   260   250
 5179   237   227
 5180   257   247
 5181   252   242
 5182   140   130
 5183    35    25
 5184   160   150
 5185   136   126
 5186   243   233
 5187    95    85
 5188    64    54
 5189   196   186
 5190    40    30
 5191   100    90
 5192   156   146
 5193    11     1
 5194   157   147
 5195   139   129
 5196   214   204
 5197   203   193
 5198   192   182
 5199   218   208
 5200   294   284
 5201   288   278
 5202   205   195
 5203   288   278
 5204   252   242
 5205   227   217
 5206   205   195
 5207   130   120
 5208   205   195
 5209   206   196
 5210    57    47
 5211    18     8
 5212   229   219
 5213   205   195
 5214   289   279
 5215   138   128
 5216   273   263
 5217   228   218
 5218   116   106
 5219   251   241
 5220   291   281
 5221   144   134
 5222    72    62
 5223    96    86
 5224   274   264
 5225    17     7
 5226    60    50
 5227    31    21
 5228   246   236
 5229   116   106
 5230   135   125
 5231   120   110
 5232    29    19
 5233   219   209
 5234   201   191
 5235   206   196
 5236    60    50
 5237   250   240
 5238    96    86
 5239    55    45
 5240    61    51
 5241    49    39
 5242   147   137
 5243    31    21
 5244   205   195
 5245   200   190
 5246   127   117
 5247    84    74
 5248    87    77
 5249   146   136
 5250    11     1
 5251   220   210
 5252    63    53
 5253   215   205
 5254   143   133
 5255    16     6
 5256   234   224
11672120
