58
    1     1     2
    2    13    12
    3    22    20
    4     5     3
    5    12    14
    6    12    14
    7    11     9
    8    14    12
    9    17    15
   10    12    12
   11    10     8
   12     3     1
   13    16    16
   14     3     4
   15     3     5
   16     4     5
   17    21    21
   18    13    14
   19     1     1
   20     2     4
   21    11     9
   22    14    12
   23    13    14
   24    22    21
   25    17    17
   26     2     2
   27     8     8
   28    22    20
   29    15    16
   30    13    15
   31     2     2
   32    16    18
   33     3     4
   34    10    11
   35     8     8
   36    19    17
   37     8    10
   38     4     5
   39    23    22
   40     5     5
   41    13    11
   42    15    16
   43    18    18
   44    19    20
   45     5     5
   46     5     3
   47    20    20
   48     1     2
   49     1     1
   50    20    22
   51    11     9
   52    19    18
   53    17    19
   54    11    10
   55    10    11
   56    14    14
   57    15    17
   58     2     3
647
