67
    1    12     2
    2    17     7
    3    21    11
    4    21    11
    5    15     5
    6    27    17
    7    12     2
    8    27    17
    9    33    23
   10    28    18
   11    26    16
   12    24    14
   13    26    16
   14    20    10
   15    20    10
   16    34    24
   17    34    24
   18    33    23
   19    11     1
   20    17     7
   21    32    22
   22    34    24
   23    28    18
   24    26    16
   25    33    23
   26    14     4
   27    29    19
   28    33    23
   29    17     7
   30    18     8
   31    13     3
   32    27    17
   33    34    24
   34    17     7
   35    25    15
   36    33    23
   37    22    12
   38    29    19
   39    31    21
   40    16     6
   41    18     8
   42    28    18
   43    24    14
   44    22    12
   45    17     7
   46    15     5
   47    15     5
   48    15     5
   49    25    15
   50    20    10
   51    33    23
   52    13     3
   53    31    21
   54    27    17
   55    24    14
   56    30    20
   57    18     8
   58    29    19
   59    16     6
   60    31    21
   61    30    20
   62    16     6
   63    12     2
   64    31    21
   65    16     6
   66    23    13
   67    14     4
1338
