801
    1    34    24
    2   101    91
    3    59    49
    4    65    55
    5    49    39
    6    49    39
    7    78    68
    8    77    67
    9    79    69
   10    14     4
   11    38    28
   12    46    36
   13    78    68
   14    90    80
   15    26    16
   16    52    42
   17    30    20
   18    15     5
   19    79    69
   20    99    89
   21    26    16
   22    86    76
   23    62    52
   24   104    94
   25    51    41
   26    82    72
   27    39    29
   28    29    19
   29    85    75
   30    78    68
   31    31    21
   32    61    51
   33    92    82
   34    59    49
   35    95    85
   36    85    75
   37    48    38
   38    65    55
   39    31    21
   40    52    42
   41    58    48
   42    48    38
   43    12     2
   44    78    68
   45    53    43
   46    51    41
   47    17     7
   48    43    33
   49    71    61
   50    12     2
   51    95    85
   52    41    31
   53    71    61
   54    41    31
   55    68    58
   56    96    86
   57    16     6
   58    75    65
   59    80    70
   60    67    57
   61    88    78
   62    28    18
   63    40    30
   64    27    17
   65    14     4
   66    87    77
   67    82    72
   68    82    72
   69    45    35
   70    64    54
   71    96    86
   72    96    86
   73    11     1
   74    24    14
   75   101    91
   76    22    12
   77    11     1
   78    59    49
   79    73    63
   80    40    30
   81    72    62
   82    79    69
   83    94    84
   84    68    58
   85    61    51
   86    92    82
   87    82    72
   88    14     4
   89    64    54
   90    53    43
   91    97    87
   92    54    44
   93    48    38
   94    87    77
   95    28    18
   96    49    39
   97    30    20
   98    75    65
   99    43    33
  100    62    52
  101    23    13
  102    44    34
  103    31    21
  104    17     7
  105    54    44
  106    56    46
  107    59    49
  108    64    54
  109    17     7
  110    13     3
  111    80    70
  112    41    31
  113    50    40
  114    49    39
  115    13     3
  116    93    83
  117    87    77
  118    97    87
  119    87    77
  120    64    54
  121    75    65
  122    19     9
  123    41    31
  124    51    41
  125    76    66
  126    54    44
  127    21    11
  128    90    80
  129    78    68
  130    15     5
  131    21    11
  132    92    82
  133    87    77
  134    18     8
  135    91    81
  136    62    52
  137    31    21
  138    13     3
  139    90    80
  140    80    70
  141    28    18
  142    68    58
  143    12     2
  144    58    48
  145    73    63
  146    14     4
  147   100    90
  148    70    60
  149    50    40
  150    91    81
  151    31    21
  152    49    39
  153    37    27
  154    73    63
  155    64    54
  156    32    22
  157    13     3
  158    13     3
  159    65    55
  160    54    44
  161    72    62
  162    70    60
  163    54    44
  164    81    71
  165    33    23
  166    88    78
  167    84    74
  168    39    29
  169    66    56
  170    42    32
  171    80    70
  172    73    63
  173    20    10
  174    27    17
  175    13     3
  176    80    70
  177    57    47
  178    53    43
  179    64    54
  180    39    29
  181    35    25
  182    25    15
  183    61    51
  184    30    20
  185    91    81
  186    28    18
  187    64    54
  188    37    27
  189    61    51
  190    11     1
  191    40    30
  192    43    33
  193    50    40
  194    76    66
  195    17     7
  196    25    15
  197    71    61
  198    75    65
  199    51    41
  200    19     9
  201    26    16
  202    69    59
  203    65    55
  204    74    64
  205   101    91
  206    99    89
  207    75    65
  208    96    86
  209   102    92
  210    24    14
  211    95    85
  212    56    46
  213    22    12
  214    49    39
  215    79    69
  216    71    61
  217    63    53
  218    37    27
  219    58    48
  220    57    47
  221    53    43
  222    70    60
  223    46    36
  224    47    37
  225    84    74
  226    58    48
  227    46    36
  228    90    80
  229    34    24
  230    79    69
  231    97    87
  232    70    60
  233    44    34
  234    18     8
  235    76    66
  236    68    58
  237    90    80
  238    41    31
  239    19     9
  240    76    66
  241    36    26
  242    18     8
  243    89    79
  244    75    65
  245    26    16
  246    55    45
  247    61    51
  248    32    22
  249    36    26
  250    56    46
  251    81    71
  252    55    45
  253    18     8
  254    55    45
  255    82    72
  256    13     3
  257    47    37
  258    32    22
  259    98    88
  260    85    75
  261   104    94
  262    81    71
  263    44    34
  264    62    52
  265    57    47
  266    47    37
  267    73    63
  268    27    17
  269    95    85
  270    62    52
  271    27    17
  272    22    12
  273    94    84
  274    37    27
  275    95    85
  276    82    72
  277    96    86
  278    34    24
  279    67    57
  280    94    84
  281    92    82
  282    13     3
  283    97    87
  284    63    53
  285    34    24
  286    24    14
  287   104    94
  288    20    10
  289    52    42
  290    67    57
  291    97    87
  292    51    41
  293    11     1
  294    58    48
  295    28    18
  296    70    60
  297    91    81
  298    83    73
  299    67    57
  300    99    89
  301    30    20
  302    17     7
  303    63    53
  304    39    29
  305   100    90
  306    78    68
  307    95    85
  308    38    28
  309    40    30
  310    49    39
  311    83    73
  312    59    49
  313    85    75
  314    46    36
  315    62    52
  316    56    46
  317    82    72
  318    42    32
  319    18     8
  320    34    24
  321    18     8
  322    53    43
  323    93    83
  324    36    26
  325    35    25
  326    81    71
  327   102    92
  328    80    70
  329    90    80
  330    47    37
  331    81    71
  332    90    80
  333    69    59
  334    88    78
  335    84    74
  336    75    65
  337    96    86
  338    53    43
  339    92    82
  340    64    54
  341    37    27
  342    87    77
  343    58    48
  344    79    69
  345    35    25
  346    85    75
  347    16     6
  348    23    13
  349    89    79
  350    16     6
  351    67    57
  352    89    79
  353    89    79
  354    64    54
  355    48    38
  356    69    59
  357    73    63
  358    85    75
  359    50    40
  360    55    45
  361    16     6
  362    42    32
  363    47    37
  364   104    94
  365    17     7
  366    78    68
  367    95    85
  368   100    90
  369    93    83
  370    98    88
  371    90    80
  372    72    62
  373    51    41
  374    64    54
  375   100    90
  376    27    17
  377    26    16
  378    76    66
  379    44    34
  380    90    80
  381    31    21
  382    97    87
  383    45    35
  384    34    24
  385    23    13
  386    32    22
  387    83    73
  388    19     9
  389    24    14
  390    39    29
  391    16     6
  392    26    16
  393    50    40
  394    97    87
  395    22    12
  396   103    93
  397    19     9
  398    87    77
  399    52    42
  400    51    41
  401    67    57
  402    45    35
  403    63    53
  404    36    26
  405    75    65
  406   103    93
  407    37    27
  408    83    73
  409    87    77
  410    25    15
  411    47    37
  412    93    83
  413    53    43
  414    76    66
  415    72    62
  416    26    16
  417    72    62
  418    19     9
  419    78    68
  420   102    92
  421    77    67
  422    54    44
  423    44    34
  424    44    34
  425    83    73
  426    98    88
  427    69    59
  428    84    74
  429    84    74
  430    46    36
  431    98    88
  432    39    29
  433    17     7
  434    36    26
  435    78    68
  436    96    86
  437    48    38
  438    70    60
  439    15     5
  440    46    36
  441    32    22
  442   104    94
  443    61    51
  444    71    61
  445    52    42
  446    86    76
  447    38    28
  448    79    69
  449    58    48
  450    83    73
  451    80    70
  452    66    56
  453    62    52
  454    87    77
  455    50    40
  456    38    28
  457    16     6
  458    45    35
  459    71    61
  460    33    23
  461    90    80
  462    81    71
  463    15     5
  464    14     4
  465    91    81
  466    43    33
  467    77    67
  468    60    50
  469    70    60
  470   104    94
  471    74    64
  472    53    43
  473   104    94
  474   101    91
  475    20    10
  476    31    21
  477   103    93
  478    52    42
  479    19     9
  480    13     3
  481    82    72
  482    42    32
  483   102    92
  484    16     6
  485    24    14
  486    27    17
  487   102    92
  488    27    17
  489    41    31
  490    92    82
  491    83    73
  492    39    29
  493    44    34
  494    21    11
  495   100    90
  496    94    84
  497    99    89
  498    44    34
  499    33    23
  500    94    84
  501    91    81
  502    41    31
  503    93    83
  504    24    14
  505    95    85
  506    83    73
  507    26    16
  508    21    11
  509    24    14
  510    73    63
  511    93    83
  512    78    68
  513    87    77
  514    84    74
  515    49    39
  516    49    39
  517    58    48
  518    87    77
  519    55    45
  520    99    89
  521   102    92
  522    14     4
  523    42    32
  524    25    15
  525    87    77
  526    48    38
  527    61    51
  528    70    60
  529    62    52
  530    81    71
  531    52    42
  532    49    39
  533    69    59
  534    28    18
  535    96    86
  536    61    51
  537    57    47
  538    32    22
  539    88    78
  540    66    56
  541    82    72
  542    62    52
  543    74    64
  544    31    21
  545    92    82
  546    75    65
  547    21    11
  548    65    55
  549    42    32
  550    32    22
  551    41    31
  552    72    62
  553   101    91
  554    89    79
  555    73    63
  556    47    37
  557    87    77
  558    44    34
  559    69    59
  560    85    75
  561    31    21
  562    14     4
  563    77    67
  564    36    26
  565    54    44
  566    12     2
  567    61    51
  568    32    22
  569    71    61
  570    45    35
  571    35    25
  572    33    23
  573    22    12
  574    85    75
  575    29    19
  576    57    47
  577    17     7
  578    64    54
  579    71    61
  580    13     3
  581    41    31
  582    35    25
  583    76    66
  584    32    22
  585    61    51
  586    42    32
  587    12     2
  588   104    94
  589    57    47
  590    86    76
  591    59    49
  592    27    17
  593    43    33
  594    29    19
  595    97    87
  596    41    31
  597    54    44
  598    32    22
  599    90    80
  600    36    26
  601    39    29
  602    92    82
  603    41    31
  604    98    88
  605    38    28
  606    41    31
  607    38    28
  608    44    34
  609    24    14
  610    80    70
  611    84    74
  612    22    12
  613    44    34
  614    13     3
  615   102    92
  616    57    47
  617    48    38
  618    41    31
  619    56    46
  620    58    48
  621    82    72
  622    85    75
  623    65    55
  624    80    70
  625    65    55
  626    49    39
  627    76    66
  628    16     6
  629    72    62
  630    29    19
  631    71    61
  632    90    80
  633    89    79
  634    78    68
  635    18     8
  636    65    55
  637    15     5
  638    30    20
  639    65    55
  640    86    76
  641    57    47
  642    65    55
  643    35    25
  644    78    68
  645    32    22
  646    60    50
  647    77    67
  648    61    51
  649    16     6
  650    91    81
  651    46    36
  652    71    61
  653    18     8
  654    36    26
  655    79    69
  656    40    30
  657    32    22
  658    14     4
  659    11     1
  660    20    10
  661    38    28
  662    82    72
  663    26    16
  664    70    60
  665    43    33
  666    11     1
  667    15     5
  668    11     1
  669    84    74
  670    93    83
  671    84    74
  672    28    18
  673    93    83
  674    94    84
  675    39    29
  676    39    29
  677    49    39
  678    23    13
  679    66    56
  680    36    26
  681    30    20
  682    42    32
  683    29    19
  684   103    93
  685   104    94
  686    70    60
  687    51    41
  688    98    88
  689    91    81
  690    13     3
  691    45    35
  692    98    88
  693    98    88
  694    94    84
  695    18     8
  696    44    34
  697   104    94
  698    13     3
  699    36    26
  700    21    11
  701    35    25
  702    82    72
  703    45    35
  704    26    16
  705    39    29
  706    14     4
  707    45    35
  708    70    60
  709    77    67
  710    65    55
  711    77    67
  712    79    69
  713   104    94
  714   100    90
  715    68    58
  716    80    70
  717    65    55
  718    52    42
  719    59    49
  720    65    55
  721    90    80
  722   100    90
  723    15     5
  724    49    39
  725    83    73
  726    14     4
  727    65    55
  728    95    85
  729    26    16
  730    16     6
  731    56    46
  732    47    37
  733    95    85
  734    46    36
  735    11     1
  736    82    72
  737    12     2
  738    93    83
  739    89    79
  740    94    84
  741    84    74
  742    17     7
  743    66    56
  744    90    80
  745    86    76
  746    47    37
  747    73    63
  748    34    24
  749    75    65
  750    35    25
  751    42    32
  752    89    79
  753    97    87
  754    94    84
  755   104    94
  756    81    71
  757    82    72
  758    93    83
  759    47    37
  760    57    47
  761    19     9
  762   100    90
  763    20    10
  764    66    56
  765    93    83
  766    39    29
  767    62    52
  768    87    77
  769    64    54
  770    64    54
  771    12     2
  772    85    75
  773    14     4
  774    33    23
  775    25    15
  776    73    63
  777    88    78
  778    71    61
  779    19     9
  780    22    12
  781    29    19
  782    41    31
  783    56    46
  784    12     2
  785   101    91
  786    17     7
  787    21    11
  788    80    70
  789    71    61
  790    16     6
  791    78    68
  792    48    38
  793    40    30
  794    45    35
  795    38    28
  796    94    84
  797    69    59
  798    55    45
  799    26    16
  800    54    44
  801    87    77
364591
