937
    1    22    22
    2    68    68
    3    20    20
    4    38    38
    5    40    40
    6    35    35
    7    12    12
    8    81    81
    9    12    12
   10    22    22
   11     4     4
   12    30    30
   13    51    51
   14     7     7
   15    50    50
   16    56    56
   17    55    55
   18   101   101
   19    36    36
   20    77    77
   21    15    15
   22    58    58
   23    90    90
   24    57    57
   25    89    89
   26    22    22
   27     6     6
   28    84    84
   29    81    81
   30    36    36
   31    46    46
   32    48    48
   33   103   103
   34    53    53
   35    56    56
   36    84    84
   37    42    42
   38    76    76
   39    13    13
   40    22    22
   41    25    25
   42    40    40
   43     5     5
   44    50    50
   45    77    77
   46    31    31
   47    49    49
   48    34    34
   49    65    65
   50    63    63
   51    59    59
   52    85    85
   53    22    22
   54    19    19
   55    42    42
   56    86    86
   57    77    77
   58   100   100
   59    98    98
   60    41    41
   61    44    44
   62    66    66
   63    51    51
   64    25    25
   65    93    93
   66    99    99
   67    80    80
   68    94    94
   69    87    87
   70    67    67
   71    66    66
   72    87    87
   73    56    56
   74    61    61
   75    48    48
   76    56    56
   77    40    40
   78    45    45
   79    64    64
   80    29    29
   81     3     3
   82    30    30
   83    24    24
   84    59    59
   85     2     2
   86    17    17
   87    25    25
   88    25    25
   89    57    57
   90    80    80
   91     5     5
   92    22    22
   93    45    45
   94    90    90
   95    21    21
   96    86    86
   97    40    40
   98    72    72
   99    60    60
  100    84    84
  101     5     5
  102    32    32
  103    62    62
  104    28    28
  105    50    50
  106    71    71
  107    96    96
  108   102   102
  109    42    42
  110    31    31
  111    11    11
  112    74    74
  113    95    95
  114     8     8
  115   101   101
  116    64    64
  117    57    57
  118    34    34
  119    48    48
  120    22    22
  121    82    82
  122     5     5
  123    99    99
  124    16    16
  125    98    98
  126    90    90
  127    24    24
  128    28    28
  129    76    76
  130     7     7
  131    85    85
  132     5     5
  133    25    25
  134    91    91
  135    14    14
  136    49    49
  137    93    93
  138    33    33
  139    59    59
  140    99    99
  141    60    60
  142     6     6
  143    46    46
  144     9     9
  145    18    18
  146    76    76
  147    80    80
  148    64    64
  149    44    44
  150    59    59
  151    36    36
  152    18    18
  153    48    48
  154    37    37
  155    20    20
  156    54    54
  157    65    65
  158    83    83
  159    85    85
  160    47    47
  161     4     4
  162    90    90
  163   102   102
  164     8     8
  165   102   102
  166    97    97
  167    97    97
  168    89    89
  169    17    17
  170    71    71
  171    92    92
  172    27    27
  173    33    33
  174    81    81
  175    44    44
  176    94    94
  177     2     2
  178    35    35
  179    99    99
  180    24    24
  181    87    87
  182    25    25
  183    87    87
  184    86    86
  185    66    66
  186    69    69
  187    13    13
  188   102   102
  189    88    88
  190   100   100
  191     8     8
  192    35    35
  193    92    92
  194     2     2
  195     9     9
  196    56    56
  197    52    52
  198    68    68
  199    65    65
  200    35    35
  201    75    75
  202    63    63
  203    99    99
  204    17    17
  205    64    64
  206    72    72
  207    45    45
  208   103   103
  209    97    97
  210     6     6
  211     9     9
  212    16    16
  213    51    51
  214    81    81
  215   100   100
  216    59    59
  217    22    22
  218    52    52
  219    28    28
  220    98    98
  221    22    22
  222    27    27
  223    31    31
  224    66    66
  225    24    24
  226    83    83
  227    41    41
  228   102   102
  229    45    45
  230    79    79
  231    41    41
  232    43    43
  233    48    48
  234    98    98
  235    62    62
  236    59    59
  237    66    66
  238    99    99
  239    23    23
  240    61    61
  241    82    82
  242    23    23
  243    45    45
  244    76    76
  245    61    61
  246    89    89
  247    95    95
  248    19    19
  249    49    49
  250    90    90
  251    25    25
  252    25    25
  253    10    10
  254    43    43
  255    98    98
  256    50    50
  257    39    39
  258    11    11
  259    55    55
  260    64    64
  261    55    55
  262    16    16
  263   102   102
  264    20    20
  265    11    11
  266    77    77
  267    61    61
  268    68    68
  269    32    32
  270    10    10
  271    82    82
  272    77    77
  273    74    74
  274   101   101
  275    86    86
  276    45    45
  277    33    33
  278    31    31
  279    36    36
  280    72    72
  281    52    52
  282    62    62
  283    11    11
  284    36    36
  285    77    77
  286    61    61
  287    94    94
  288    79    79
  289    78    78
  290    69    69
  291    19    19
  292    35    35
  293    75    75
  294    59    59
  295    10    10
  296    67    67
  297    26    26
  298    20    20
  299    96    96
  300    51    51
  301    99    99
  302    72    72
  303    74    74
  304    80    80
  305    60    60
  306    37    37
  307    78    78
  308    28    28
  309    15    15
  310    34    34
  311    74    74
  312    51    51
  313    36    36
  314     5     5
  315    55    55
  316    85    85
  317    51    51
  318     3     3
  319    85    85
  320    22    22
  321   101   101
  322    64    64
  323    97    97
  324    29    29
  325    60    60
  326    15    15
  327   102   102
  328   101   101
  329    38    38
  330    81    81
  331    87    87
  332    41    41
  333    54    54
  334    23    23
  335    34    34
  336    41    41
  337    31    31
  338    39    39
  339    81    81
  340    32    32
  341    56    56
  342     4     4
  343    73    73
  344    69    69
  345    78    78
  346    43    43
  347    97    97
  348    53    53
  349    12    12
  350    32    32
  351    89    89
  352     8     8
  353    14    14
  354    46    46
  355    33    33
  356    36    36
  357    11    11
  358    46    46
  359    55    55
  360    16    16
  361    50    50
  362    24    24
  363    35    35
  364     7     7
  365    75    75
  366    75    75
  367    71    71
  368    23    23
  369    58    58
  370    22    22
  371     4     4
  372    35    35
  373    74    74
  374    37    37
  375    56    56
  376    94    94
  377     6     6
  378     7     7
  379    91    91
  380    96    96
  381    70    70
  382    58    58
  383    32    32
  384    63    63
  385    16    16
  386    94    94
  387    31    31
  388    90    90
  389    70    70
  390   101   101
  391    99    99
  392    64    64
  393    95    95
  394    15    15
  395    26    26
  396    33    33
  397    88    88
  398   100   100
  399     8     8
  400    34    34
  401    66    66
  402     6     6
  403    50    50
  404    18    18
  405    55    55
  406    45    45
  407     4     4
  408    51    51
  409    72    72
  410    66    66
  411    87    87
  412     9     9
  413    78    78
  414    44    44
  415    15    15
  416    37    37
  417    96    96
  418    76    76
  419    26    26
  420    29    29
  421    70    70
  422    61    61
  423    98    98
  424     9     9
  425    47    47
  426    77    77
  427    23    23
  428    84    84
  429     3     3
  430    53    53
  431    91    91
  432    37    37
  433    12    12
  434    16    16
  435    37    37
  436    40    40
  437    91    91
  438    72    72
  439     1     1
  440    91    91
  441     8     8
  442    56    56
  443    55    55
  444    24    24
  445    80    80
  446    47    47
  447    36    36
  448    82    82
  449    24    24
  450    10    10
  451    96    96
  452    52    52
  453    94    94
  454    26    26
  455    44    44
  456     4     4
  457    60    60
  458    74    74
  459     4     4
  460    23    23
  461    81    81
  462    83    83
  463    18    18
  464    90    90
  465    22    22
  466    59    59
  467    87    87
  468    25    25
  469    52    52
  470    55    55
  471    36    36
  472    28    28
  473    96    96
  474    90    90
  475    83    83
  476    89    89
  477     3     3
  478    98    98
  479    56    56
  480    22    22
  481    97    97
  482    63    63
  483    13    13
  484    76    76
  485    97    97
  486    14    14
  487    38    38
  488     8     8
  489    47    47
  490   101   101
  491    44    44
  492    37    37
  493    58    58
  494    52    52
  495    39    39
  496    19    19
  497    53    53
  498    17    17
  499    79    79
  500    64    64
  501    35    35
  502    13    13
  503    82    82
  504     4     4
  505    80    80
  506    69    69
  507    39    39
  508    90    90
  509    43    43
  510    74    74
  511    27    27
  512    60    60
  513   102   102
  514   101   101
  515    18    18
  516    44    44
  517    74    74
  518    68    68
  519     5     5
  520    52    52
  521    99    99
  522    19    19
  523    65    65
  524    57    57
  525    44    44
  526    25    25
  527    54    54
  528    47    47
  529    65    65
  530    10    10
  531    80    80
  532    63    63
  533    78    78
  534    50    50
  535    38    38
  536    42    42
  537    51    51
  538    51    51
  539    63    63
  540    70    70
  541    50    50
  542    10    10
  543    12    12
  544    60    60
  545    55    55
  546    36    36
  547    53    53
  548    16    16
  549   103   103
  550     7     7
  551    31    31
  552    84    84
  553   103   103
  554    32    32
  555    51    51
  556    64    64
  557    96    96
  558    75    75
  559    51    51
  560     6     6
  561    98    98
  562    16    16
  563    68    68
  564    48    48
  565    85    85
  566    46    46
  567    99    99
  568    65    65
  569   102   102
  570    83    83
  571    44    44
  572    23    23
  573    74    74
  574    54    54
  575     1     1
  576    86    86
  577    84    84
  578    90    90
  579    65    65
  580    89    89
  581    33    33
  582    41    41
  583    52    52
  584    52    52
  585    90    90
  586    55    55
  587     6     6
  588    87    87
  589    95    95
  590    57    57
  591    35    35
  592    53    53
  593    32    32
  594    39    39
  595    21    21
  596    44    44
  597    34    34
  598    16    16
  599    29    29
  600    34    34
  601    84    84
  602    57    57
  603    45    45
  604     3     3
  605    98    98
  606    44    44
  607    78    78
  608     1     1
  609    37    37
  610    63    63
  611    36    36
  612    42    42
  613   100   100
  614     6     6
  615     3     3
  616    21    21
  617    75    75
  618    14    14
  619    89    89
  620    75    75
  621    47    47
  622    18    18
  623    11    11
  624    76    76
  625    11    11
  626     1     1
  627    86    86
  628    50    50
  629    67    67
  630    82    82
  631     4     4
  632    20    20
  633    82    82
  634    16    16
  635    79    79
  636    60    60
  637    25    25
  638    48    48
  639     8     8
  640    36    36
  641    15    15
  642    63    63
  643    75    75
  644     4     4
  645     9     9
  646    36    36
  647    37    37
  648    83    83
  649    81    81
  650    11    11
  651     9     9
  652    40    40
  653    95    95
  654    55    55
  655    20    20
  656    97    97
  657    60    60
  658    94    94
  659    27    27
  660    47    47
  661    91    91
  662    45    45
  663    52    52
  664   102   102
  665    26    26
  666    94    94
  667    63    63
  668    60    60
  669    35    35
  670    90    90
  671    77    77
  672    63    63
  673     1     1
  674    86    86
  675   100   100
  676    26    26
  677    57    57
  678    56    56
  679    85    85
  680    10    10
  681    94    94
  682    12    12
  683    23    23
  684    82    82
  685    62    62
  686    21    21
  687    44    44
  688     6     6
  689    57    57
  690    45    45
  691    16    16
  692    79    79
  693    93    93
  694    26    26
  695    45    45
  696     1     1
  697    12    12
  698    95    95
  699    34    34
  700    35    35
  701    48    48
  702    21    21
  703    90    90
  704    21    21
  705    96    96
  706    92    92
  707    25    25
  708     7     7
  709    67    67
  710    18    18
  711    73    73
  712    64    64
  713    62    62
  714    45    45
  715    87    87
  716    53    53
  717    14    14
  718    58    58
  719    61    61
  720    78    78
  721    86    86
  722    41    41
  723    42    42
  724    37    37
  725    75    75
  726    62    62
  727    37    37
  728    84    84
  729    94    94
  730    49    49
  731    18    18
  732    58    58
  733    38    38
  734    96    96
  735    42    42
  736     3     3
  737    84    84
  738    34    34
  739    12    12
  740    60    60
  741    11    11
  742    53    53
  743    14    14
  744    98    98
  745   101   101
  746    37    37
  747    62    62
  748    53    53
  749    52    52
  750    94    94
  751    20    20
  752    90    90
  753    40    40
  754    68    68
  755    98    98
  756    11    11
  757    45    45
  758    59    59
  759    80    80
  760    10    10
  761    27    27
  762    66    66
  763    16    16
  764    90    90
  765    80    80
  766     4     4
  767    93    93
  768    92    92
  769    59    59
  770    98    98
  771    46    46
  772    38    38
  773    43    43
  774    14    14
  775    25    25
  776    36    36
  777    98    98
  778    23    23
  779    21    21
  780    66    66
  781    46    46
  782    64    64
  783    16    16
  784    16    16
  785    20    20
  786    36    36
  787    67    67
  788    98    98
  789    36    36
  790   102   102
  791    35    35
  792    80    80
  793    93    93
  794    62    62
  795    30    30
  796    95    95
  797    96    96
  798    90    90
  799    20    20
  800    35    35
  801    83    83
  802    39    39
  803    54    54
  804    58    58
  805    10    10
  806    18    18
  807    74    74
  808     5     5
  809    75    75
  810    99    99
  811    25    25
  812    78    78
  813    29    29
  814     3     3
  815    63    63
  816    22    22
  817    10    10
  818    42    42
  819    97    97
  820    75    75
  821    64    64
  822    24    24
  823    88    88
  824    41    41
  825     2     2
  826    24    24
  827    86    86
  828    19    19
  829    73    73
  830    28    28
  831    68    68
  832    37    37
  833    72    72
  834    63    63
  835    46    46
  836     1     1
  837    14    14
  838    95    95
  839    67    67
  840    72    72
  841    91    91
  842   103   103
  843    26    26
  844    86    86
  845   102   102
  846    50    50
  847     8     8
  848    93    93
  849    52    52
  850    12    12
  851    28    28
  852    58    58
  853    39    39
  854     5     5
  855    88    88
  856     8     8
  857     5     5
  858     3     3
  859    90    90
  860    45    45
  861     9     9
  862    23    23
  863    63    63
  864    90    90
  865   103   103
  866    65    65
  867   103   103
  868    45    45
  869    97    97
  870    71    71
  871    34    34
  872    26    26
  873    54    54
  874    89    89
  875   101   101
  876    77    77
  877    24    24
  878    13    13
  879    42    42
  880   100   100
  881    15    15
  882    10    10
  883    79    79
  884    74    74
  885     3     3
  886    24    24
  887    11    11
  888     2     2
  889     3     3
  890    71    71
  891    52    52
  892     3     3
  893    67    67
  894    47    47
  895    93    93
  896    92    92
  897   100   100
  898    12    12
  899    89    89
  900   102   102
  901    77    77
  902    42    42
  903    62    62
  904     8     8
  905    52    52
  906    85    85
  907    89    89
  908    74    74
  909    38    38
  910    22    22
  911    41    41
  912    18    18
  913    36    36
  914   103   103
  915     7     7
  916    64    64
  917    20    20
  918    97    97
  919     3     3
  920    20    20
  921     4     4
  922    86    86
  923    79    79
  924    66    66
  925    30    30
  926    21    21
  927    22    22
  928    46    46
  929    47    47
  930    29    29
  931    68    68
  932    11    11
  933    30    30
  934    18    18
  935    54    54
  936    14    14
  937    97    97
486270
